200
0
130
8
28
0
0
0
3
0
7
1
12
44
0
75
0
127
0
4
0
0
0
1
0
3
28
22
0
2
186
18
6
0
552
58
8
134
1
0
46
0
14
0
22
14
0
0
8
0
125
33
18
0
65
24
0
146
0
0
0
10
112
0
26
0
4
40
0
62
0
27
0
12
0
62
0
12
13
4
16
53
51
13
15
51
0
0
7
45
2
32
76
186
0
56
8
0
106
9
0
12
11
2
14
20
0
0
120
0
2
0
76
28
77
0
0
10
18
13
42
98
0
40
0
102
0
26
12
0
2
34
1
53
20
138
0
0
2
0
2
56
0
194
72
102
0
2
0
0
0
0
14
10
0
0
24
0
23
183
248
1
0
66
0
0
0
1
39
0
121
264
0
0
26
18
66
4
15
227
121
6
7
0
40
8
0
43
0
24
0
16
5
16
0
198
12
10
0
240
194
24
2
12
0
4
0
0
0
28
268
1
2
87
0
0
190
29
20
0
0
72
32
10
0
246
1
78
12
0
0
230
10
16
104
5
18
4
0
0
12
2
4
0
0
8
8
3
70
2
12
0
0
0
20
17
0
128
5
0
16
102
64
195
7
0
1
0
0
24
0
0
0
0
15
96
0
0
78
0
26
0
1
0
0
0
0
4
502
8
32
22
0
96
149
1
0
21
224
50
0
3
0
0
100
29
0
12
9
0
0
11
2
9
0
208
3
1
60
1
74
11
2
0
14
123
5
0
6
14
0
0
0
6
3
12
4
0
128
170
0
65
39
8
8
0
4
3
0
9
0
30
95
48
24
6
28
36
12
0
0
6
4
3
0
0
5
34
24
0
72
532
0
0
15
2
2
0
0
3
0
0
58
2
36
2
3
48
6
24
0
2
0
48
1
10
18
0
0
32
0
0
48
0
44
0
0
51
0
6
2
0
40
0
1
8
110
0
3
12
2
0
0
4
0
0
124
0
4
0
0
28
26
24
2
2
0
0
20
78
8
8
18
12
70
40
42
0
0
15
0
44
0
4
0
102
0
12
7
14
0
9
0
3
3
185
0
0
0
0
27
0
63
2
50
4
0
0
80
29
28
98
4
0
48
0
0
5
1
0
0
0
5
20
15
152
0
6
0
2
84
0
10
108
0
4
1
11
0
10
0
0
0
6
0
11
20
0
12
0
128
26
58
208
5
69
0
0
0
5
2
231
20
33
0
0
11
46
102
6
0
256
2
34
0
6
1
0
221
8
400
12
116
0
58
0
11
6
1
62
162
376
120
6
0
16
0
88
4
55
0
72
12
0
0
0
8
36
44
0
386
70
8
0
14
0
1
12
0
32
30
0
16
60
8
0
9
8
38
0
25
2
0
7
8
0
0
0
0
46
0
0
44
8
8
143
62
4
124
0
0
32
0
0
10
16
6
0
0
0
45
1
77
37
172
0
14
79
18
0
0
16
123
0
9
0
80
0
0
0
0
44
33
0
6
0
0
28
0
26
2
0
0
21
0
24
20
83
116
10
0
16
7
1
8
13
94
0
12
12
52
0
38
0
20
24
43
0
0
10
80
61
18
32
115
20
2
2
0
334
18
0
0
0
0
33
0
0
8
43
6
0
6
0
56
0
40
12
0
40
0
0
0
0
66
0
0
2
6
0
36
2
6
16
0
8
114
27
15
0
20
20
20
42
0
4
56
0
0
0
20
312
0
24
88
16
0
0
0
28
6
120
22
301
16
114
130
24
3
64
14
0
0
20
8
0
24
17
154
40
10
20
0
0
12
142
0
0
9
48
13
0
0
0
12
24
0
6
0
6
138
0
24
174
0
0
24
74
20
0
0
10
0
0
8
50
0
0
6
0
30
0
278
2
80
24
56
0
0
0
0
128
148
14
0
2
24
12
0
0
16
12
0
4
3
1
74
0
0
0
130
6
0
0
38
2
2
1
34
0
23
0
3
0
28
0
47
4
4
4
112
0
24
0
76
0
142
12
0
0
0
8
102
2
0
40
0
0
0
0
70
32
38
20
0
0
2
0
0
0
94
0
362
0
24
112
72
0
15
109
0
38
24
0
0
4
0
0
49
0
124
27
0
4
8
0
6
48
14
0
64
0
0
5
100
0
44
0
28
0
7
1
24
340
0
67
7
10
128
0
8
16
0
160
17
6
2
6
12
84
0
0
0
1
0
108
18
0
2
0
0
0
6
52
18
0
8
72
0
0
50
0
82
0
80
29
3
5
106
33
0
28
140
0
0
50
0
0
0
86

