13
866 916
915 108 882
846 65 790
776 677 758
706 204 675
635 194 576
565 703 545
496 611 440
425 420 405
356 189 347
286 762 251
216 446 215
145 255 136
75 796 22
16
894 929
929 424 910
871 243 819
813 805 788
755 95 743
696 160 648
639 620 625
580 782 543
522 492 487
464 619 450
406 246 371
349 740 299
291 261 237
233 693 181
175 688 158
117 766 100
59 110 6
10
969 924
924 352 869
832 564 780
739 102 698
648 338 598
556 537 518
464 669 451
371 193 324
280 293 196
187 311 164
95 698 38
18
830 956
956 656 906
902 302 896
850 153 821
796 480 765
743 204 710
690 223 646
637 357 632
585 599 561
531 88 516
478 654 433
426 305 383
373 81 345
320 565 293
266 498 226
213 556 184
161 582 152
107 252 96
54 335 34
11
989 985
984 625 931
896 109 814
806 416 800
717 466 689
629 181 575
540 621 519
450 756 370
361 333 347
272 72 241
184 938 146
95 585 25
26
986 970
970 142 960
933 711 898
896 784 864
859 401 828
821 484 793
784 506 763
747 204 737
711 109 690
674 442 646
637 773 636
600 733 592
562 157 559
525 360 493
489 725 482
452 610 432
414 741 389
378 934 360
341 265 337
304 693 277
267 790 265
229 786 202
193 178 180
156 661 154
118 234 110
82 323 59
45 579 43
27
859 935
935 734 906
900 255 868
866 698 844
832 465 830
798 424 770
764 508 761
731 590 716
697 784 686
663 455 645
628 783 606
594 373 568
561 51 533
526 646 515
493 340 480
459 773 442
424 170 414
390 387 366
356 96 325
322 160 309
289 294 266
254 384 237
221 177 206
186 735 183
153 108 151
118 555 105
84 322 58
50 336 23
18
946 955
955 193 921
901 697 877
848 146 841
796 94 791
742 479 706
690 55 668
637 550 607
584 863 568
531 606 512
477 130 445
424 761 373
372 689 370
318 632 313
265 561 233
212 654 195
159 173 126
107 637 104
53 405 50
16
943 954
953 395 945
895 382 863
835 264 833
776 645 743
717 800 660
659 791 648
599 86 589
541 285 499
481 298 470
422 279 392
364 114 338
305 496 256
245 93 204
186 596 144
128 732 84
68 635 56
27
976 917
916 899 903
884 133 876
850 113 832
818 646 812
784 100 777
752 812 721
718 204 705
685 580 655
652 773 630
620 915 606
586 430 583
554 819 529
521 804 519
488 451 487
454 181 441
422 337 414
388 553 376
356 593 340
322 466 313
289 86 262
257 218 230
223 64 210
191 293 178
157 501 131
125 118 98
91 201 60
59 533 46
27
920 952
951 351 920
916 719 914
881 614 880
847 108 840
812 397 794
777 196 767
742 180 735
707 352 694
672 723 655
636 718 614
601 530 580
566 426 560
531 127 512
496 165 491
461 831 446
427 238 401
392 769 370
356 256 342
321 432 296
286 402 278
252 297 223
216 847 195
181 671 176
147 150 124
112 842 103
77 60 61
41 291 16
12
838 972
971 781 968
891 203 845
810 326 779
729 52 678
648 669 572
566 294 513
485 402 484
405 773 401
324 714 307
243 132 229
161 760 98
81 194 38
19
839 973
973 468 932
921 95 881
871 620 870
819 149 802
768 476 727
718 546 685
667 537 656
615 316 577
565 247 541
514 446 485
463 617 415
412 101 387
360 380 312
310 463 270
259 131 255
207 593 161
157 564 152
105 313 104
55 754 34
27
915 917
917 823 916
883 500 877
851 161 836
818 507 805
785 642 768
751 281 748
718 441 687
685 386 663
652 436 631
620 56 600
587 200 585
554 611 526
521 851 511
487 354 459
454 329 430
422 59 393
388 369 368
355 51 339
322 321 298
289 661 273
257 422 247
224 127 210
191 634 168
158 603 133
124 380 98
92 108 78
58 222 40
29
924 981
981 122 965
948 131 926
915 868 896
882 130 873
849 451 835
816 574 809
782 281 757
750 322 720
716 66 686
684 690 674
651 387 650
618 437 592
585 695 583
552 832 530
518 620 489
485 301 484
453 865 422
420 437 401
386 867 370
353 140 323
320 839 300
287 450 264
255 769 224
222 327 191
188 638 184
156 90 133
122 519 118
90 720 81
56 279 28
17
979 998
997 811 953
940 689 893
882 819 879
823 839 787
765 794 763
707 531 682
649 921 634
591 468 551
533 102 525
475 418 460
417 589 414
360 210 314
302 399 291
244 59 204
185 899 149
128 340 99
70 164 15
15
902 964
963 477 940
900 644 890
836 419 833
772 71 719
708 356 671
643 299 589
579 531 527
515 451 510
452 115 409
388 431 347
323 54 312
259 395 220
196 456 182
132 100 97
68 179 14
19
944 953
952 192 917
903 412 860
852 626 838
802 81 762
753 866 706
703 122 694
652 586 609
603 188 564
553 391 524
502 405 467
452 387 416
402 384 394
352 307 344
303 111 285
252 794 248
202 89 161
153 176 131
103 185 95
52 867 28
16
853 968
968 669 963
908 649 902
847 138 807
787 71 751
728 460 727
668 253 625
607 569 585
548 335 541
487 733 484
427 89 405
368 80 342
307 571 292
247 248 189
187 707 186
127 270 99
68 200 34
14
870 924
923 181 922
857 444 851
791 575 728
725 205 703
660 372 646
593 505 531
528 90 489
462 66 401
396 167 392
329 72 323
264 645 240
198 322 190
132 500 93
66 461 15
12
931 950
950 445 887
870 229 813
792 823 729
712 275 672
634 50 586
554 693 516
476 617 426
396 769 362
317 406 296
239 844 185
160 249 156
80 541 48
15
912 928
927 698 924
866 239 830
805 688 774
745 121 701
683 743 680
623 261 566
562 777 549
501 112 469
439 138 380
378 445 374
318 575 275
256 269 199
196 532 178
135 227 88
74 352 23
14
809 985
985 291 935
914 526 869
845 95 811
775 663 727
704 479 700
635 262 588
564 132 503
494 443 455
425 709 399
355 694 328
284 724 266
214 542 162
145 325 106
75 417 35
18
876 958
958 119 915
904 73 876
851 194 833
798 193 772
746 383 731
692 440 678
639 470 626
586 160 537
534 666 498
481 67 457
427 304 420
374 571 372
322 555 289
268 142 255
216 570 172
162 286 141
109 517 66
56 264 24
20
835 903
902 654 891
857 737 822
812 533 799
767 335 750
723 75 704
678 86 676
632 684 597
588 546 587
542 521 522
498 597 470
452 550 418
408 63 395
363 488 345
317 541 295
272 222 256
227 307 185
183 101 153
137 614 133
92 180 63
48 360 37
11
816 943
942 765 896
858 723 779
773 201 691
688 557 651
603 246 547
518 362 461
432 602 407
348 570 289
262 462 220
177 74 99
92 567 60
25
812 986
986 203 974
946 392 944
907 108 896
868 681 851
830 174 827
791 528 778
752 540 741
712 711 684
673 625 664
634 709 625
596 288 577
556 700 551
517 656 483
478 268 477
439 366 433
400 361 397
361 662 358
322 111 307
283 259 268
245 116 244
206 750 195
167 467 146
128 389 103
88 698 73
50 165 15
17
935 941
940 421 900
886 576 845
830 792 777
776 619 761
721 525 717
665 856 631
610 817 575
555 556 524
501 842 472
446 775 421
390 416 354
335 200 303
281 84 259
225 461 202
171 842 154
115 451 112
61 515 57
10
999 925
924 329 880
833 494 832
740 150 722
649 438 582
556 878 523
464 756 390
373 680 306
281 774 230
189 332 134
97 53 24
22
990 953
952 856 921
909 218 884
867 207 847
824 467 792
781 237 779
738 358 725
694 598 681
651 397 644
609 652 591
565 755 552
523 218 484
480 452 457
437 904 414
394 909 387
351 584 333
308 255 285
265 193 243
222 750 186
178 292 149
135 613 134
93 343 73
50 706 31
