1
2
2
3
4
5
7
9
12
16
21
28
37
49
65
86
114
151
200
265
351
465
616
816
1081
1432
1897
2513
3329
4410
5842
7739
10252
13581
17991
23833
31572
41824
55405
73396
97229
128801
170625
226030
299426
396655
525456
696081
922111
1221537
1618192
2143648
2839729
3761840
4983377
6601569
8745217
11584946
15346786
20330163
26931732
35676949
47261895
62608681
82938844
109870576
145547525
192809420
255418101
338356945
448227521
593775046
786584466
42002560
380359505
828587026
422362065
208946524
250949084
631308589
459895608
882257673
91204190
342153274
973461863
433357464
315615130
406819320
748972594
722434450
155791907
471407037
878226357
627198944
349633387
505425294
976832331
855058681
482257618
831891005
337316292
314148616
169207290
651464908
483355906
820672198
134820807
304028097
955493005
438848904
259521095
394341902
698369999
653862997
92711894
352232989
746574891
444944883
98807873
191519767
543752756
290327640
735272523
834080396
25600156
569352912
859680552
594953068
429033457
454633613
23986518
883667070
478620131
907653588
362287194
386273712
269940775
748560906
656214487
18501674
404775386
674716161
423277060
79491540
97993214
502768600
177484754
600761814
680253354
778246568
281015161
458499915
59261722
739515076
517761637
798776798
257276706
316538428
56053497
573815134
372591925
629868631
946407059
2460549
576275683
948867608
578736232
525143284
527603833
103879509
52747110
631483342
156626619
684230452
788109961
840857071
472340406
628967025
313197470
101307424
942164495
414504894
43471912
356669382
457976806
400141294
814646188
858118100
214787475
672764281
72905568
887551756
745669849
960457324
633221598
706127166
593678915
339348757
299806074
933027672
639154831
232833739
572182496
871988570
805016235
444171059
677004798
249187287
121175850
926192085
370363137
47367928
296555215
417731065
343923143
714286280
761654208
58209416
475940481
819863624
534149897
295804098
354013514
829953995
649817612
183967502
479771600
833785114
663739102
313556707
497524209
977295809
811080916
474820011
788376718
285900920
263196722
74277631
549097642
337474353
623375273
886571995
960849626
509947261
847421614
470796880
357368868
318218487
828165748
675587355
146384228
503753096
821971583
650137324
325724672
472108900
975861996
797833572
447970889
773695561
245804454
221666443
19500008
467470897
241166451
486970905
708637348
728137356
195608246
436774697
923745602
632382943
360520292
556128538
992903235
916648830
549031766
909552058
465680589
458583817
375232640
924264406
833816457
299497039
758080856
133313489
57577888
891394345
190891377
948972233
82285715
139863603
31257941
222149318
171121544
253407259
393270862
424528803
646678121
817799665
71206917
464477779
889006582
535684696
353484354
424691271
889169050
778175625
313860314
667344668
92035932
981204982
759380600
73240907
740585575
832621507
813826482
573207075
646447982
387033550
219655050
33481525
606688600
253136575
640170125
859825175
893306700
499995293
753131868
393301986
253127154
146433847
646429140
399561001
792862987
45990134
192423981
838853121
238414115
31277095
77267229
269691210
108544324
346958439
378235534
455502763
725193973
833738297
180696729
558932263
14435019
739628992
573367282
754064011
312996267
327431286
67060271
640427553
394491557
707487824
34919103
101979374
742406927
136898477
844386301
879305404
981284778
723691698
860590175
704976469
584281866
565566637
289258328
149848496
854824965
439106824
4673454
293931782
443780278
298605236
737712060
742385514
36317289
480097567
778702803
516414856
258800363
295117652
775215219
553918015
70332864
329133227
624250879
399466091
953384106
23716963
352850190
977101069
376567153
329951252
353668215
706518405
683619467
60186613
390137865
743806080
450324478
133943938
194130551
584268416
328074489
778398967
912342905
106473449
690741865
18816347
797215314
709558212
816031661
506773519
525589866
322805173
32363378
848395039
355168551
880758417
203563583
235926961
84321993
439490544
320248954
523812537
759739498
844061491
283552028
603800982
127613512
887353010
731414494
14966515
618767497
746381009
633734012
365148499
380115014
998882511
745263513
378997518
744146017
124261024
123143528
868407041
247404552
991550569
115811586
238955114
107362148
354766700
346317262
462128848
701083962
808446110
163212803
509530065
971658913
672742868
481188971
644401774
153931832
125590738
798333606
279522570
923924344
77856169
203446907
1780506
281303076
205227413
283083582
486530489
488310995
769614071
974841484
257925059
744455548
232766536
2380600
977222084
235147136
979602684
212369213
214749813
191971890
427119026
406721703
619090916
833840729
25812612
452931638
859653341
478744250
312584972
338397584
791329222
650982556
129726799
442311771
780709355
572038570
223021119
352747918
795059689
575769037
147807600
370828719
723576637
518636319
94405349
242212949
613041668
336618298
855254617
949659966
191872908
804914576
141532867
996787484
946447443
138320344
943234920
84767780
81555257
28002693
166323037
109557950
194325730
275880987
303883680
470206717
579764667
774090397
49971377
353855057
824061774
403826434
177916824
227888201
581743258
405805025
809631459
987548283
215436477
797179735
202984753
12616205
164481
215600958
12780686
215765439
228381644
228546125
444147083
456927769
672693208
901074852
129620970
573768053
30695815
703389023
604463868
734084838
307852884
338548699
41937715
646401583
380486414
688339298
26887990
68825705
715227288
95713695
784052993
810940983
879766688
594993969
690707664
474760650
285701626
165468307
760462276
451169933
925930583
211632202
377100509
137562778
588732711
514663287
726295489
103395991
240958769
829691480
344354760
70650242
174046233
415005002
244696475
589051235
659701477
833747710
248752705
493449180
82500408
742201885
575949588
824702293
318151466
400651874
142853752
718803340
543505626
861657092
262308959
405162711
123966044
667471670
529128755
791437714
196600418
320566462
988038132
517166880
308604587
505205005
825771467
813809592
330976465
639581052
144786050
970557517
784367102
115343560
754924612
899710662
870268172
654635267
769978827
524903432
424614087
294882252
949517519
719496339
244399764
669013851
963896103
913413615
632909947
877309711
546323555
510219651
423633259
56543199
933852910
480176458
990396109
414029361
470572560
404425463
884601921
874998023
289027377
759599937
164025393
48627307
923625330
212652700
972252637
136278023
184905330
108530653
321183353
293435983
429714006
614619336
723149989
44333335
337769318
767483324
382102653
105252635
149585970
487355288
254838605
636941258
742193893
891779863
379135144
633973749
270915000
13108886
904888749
284023886
917997635
188912628
202021514
106910256
390934142
308931770
497844398
699865912
806776168
197710303
506642073
4486464
704352376
511128537
708838840
215480906
219967370
924319746
435448276
144287109
359768015
579735385
504055124
939503400
83790502
443558517
23293895
527349019
466852412
550642914
994201431
17495319
544844338
11696743
562339657
556541081
574036400
118880731
130577474
692917131
249458205
823494605
942375336
72952803
765869934
15328132
838822737
781198066
854150869
620020796
635348928
474171658
255369717
109520579
729541375
364890296
839061954
94431664
203952243
933493618
298383907
137445854
231877518
435829761
369323372
667707279
805153133
37030644
472860405
842183777
509891049
315044175
352074819
824935224
667118994
177010036
492054211
844129030
669064247
336183234
513193270
5247474
849376504
518440744
854623978
367817241
373064715
222441212
740881956
595505927
963323168
336387876
558829088
299711037
895216964
858540125
194927994
753757082
53468112
948685076
807225194
2153181
755910263
809378375
758063444
565288631
567441812
323352068
132730436
890793880
456082504
23524309
346876377
479606813
370400686
826483190
850007499
196883869
676490682
46891361
873374551
723382043
920265912
596756587
643647948
517022492
240404528
160670433
757427020
401074961
918097453
158501974
319172407
76599420
477674381
395771827
554273801
873446208
950045628
427720002
823491829
377765623
251211824
201257445
628977447
452469269
830234892
81446709
282704154
911681601
364150863
194385748
275832457
558536611
470218205
834369068
28754809
304587266
863123877
333342075
167711136
196465945
501053211
364177081
697519156
865230292
61696230
562749441
926926522
624445671
489675956
551372186
114121620
41048135
665493806
155169755
706541941
820663561
861711696
527205495
682375250
388917184
209580738
71292427
598497922
280873165
669790349
879371087
950663514
549161429
830034594
499824936
379196016
329859523
879020952
709055539
208880468
588076484
917936007
796956952
506012484
714892952
302969429
220905429
17862374
523874858
238767803
541737232
762642661
780505035
304379886
543147689
84884914
847527575
628032603
932412489
475560171
560445085
407972653
36005249
968417738
443977902
4422980
412395633
448400882
416818613
860796515
865219495
277615121
726016003
142834609
3631117
868850612
146465726
872481729
15316331
18947448
887798060
34263779
906745508
922061839
941009287
828807340
863071119
769816620
691878452
632887732
461695065
324766177
94582790
786461242
419348967
881044032
205810202
300392992
86854227
506203194
387247219
593057421
893450413
980304640
486507827
873755046
466812460
360262866
340567499
827075326
700830365
167642818
527905684
868473183
695548502
396378860
564021678
91927355
960400538
655949033
52327886
616349564
708276919
668677450
324626476
376954362
993303926
701580838
370258281
694884757
71839112
65143031
766723869
136982143
831866900
903706012
968849043
735572905
872555048
704421941
608127946
576976982
312549880
185104921
889526862
497654801
74631776
387181656
572286577
461813432
959468233
34100002
421281658
993568235
455381660
414849886
448949888
870231546
863799774
319181427
734031313
182981194
53212733
917012507
236193927
970225240
153206427
206419160
123431660
359625587
329850820
483057247
689476407
812908067
172533647
502384467
985441714
674918114
487826174
660359821
162744281
148185988
823104102
310930269
971290090
134034364
282220352
105324447
416254716
387544799
521579163
803799515
909123962
325378671
712923470
234502626
38302134
947426096
272804760
985728230
220230849
258532983
205959072
478763832
464492055
684722904
943255887
149214952
627978784
92470832
777193736
720449616
869664568
497643345
590114177
367307906
87757515
957422083
455065421
45179591
412487497
500245012
457667088
912732509
957912100
370399590
870644602
328311683
241044185
198956278
569355868
440000463
768312146
9356324
208312602
777668470
217668926
985981072
995337396
203649991
981318461
198987380
184968445
180305834
383955825
365274279
564261659
749230104
929535938
313491756
678766035
243027687
992257791
921793722
235285471
914051506
157079186
149336970
71130685
306416156
220467655
377546841
526883811
598014496
904430652
124898300
502445141
29328945
627343441
531774086
656672386
159117520
188446465
815789906
347563985
4236364
163353884
351800349
167590248
515154233
519390597
682744481
34544823
202135071
717289304
236679894
919424375
953969198
156104262
873393566
110073453
29497821
983467019
139571274
12964833
123038286
152536107
136003119
275574393
288539226
411577512
564113619
700116738
975691131
264230350
675807862
239921474
940038212
915729336
179959679
855767541
95689008
35727213
951456549
131416221
987183762
82872763
118599976
70056518
201472739
188656494
271529257
390129233
460185751
661658490
850314984
121844234
511973467
972159218
633817701
484132678
605976912
117950372
90109583
723927284
208059955
814036867
931987239
22096815
746024099
954084054
768120914
700108146
722204961
468229053
422313100
190434007
890542153
612747107
80976153
503289253
693723260
584265406
197012506
277988659
781277912
475001165
59266564
256279070
534267729
315545634
790546799
849813363
106092426
640360155
955905789
746452581
596265937
702358363
342718511
298624293
45076867
641342804
343701160
686419671
985043964
30120824
671463628
15164781
701584452
686628409
716749233
388212854
403377635
104962080
791590489
508339715
896552569
299930197
404892277
196482759
704822474
601375036
901305233
306197503
502680262
207502729
808877765
710182991
16380487
519060749
726563478
535441236
245624220
262004707
781065456
507628927
43070156
288694376
550699083
331764532
839393459
882463615
171157984
721857067
53621592
893015051
775478659
946636643
668493703
722115295
615130339
390608991
337245627
5739323
727854618
342984950
733593941
70839561
76578884
804433502
147418445
881012386
951851947
28430824
832864326
980282771
861295150
813147090
841577914
674442233
654724997
516020140
329167223
170745130
845187363
499912353
15932486
345099709
515844839
361032195
860944548
876877034
221976736
737821575
98853763
959798311
836675338
58652067
796473642
895327405
855125709
691801040
750453107
546926742
442254140
297379842
989180882
739633982
286560717
728814857
26194692
15375567
755009549
41570259
770385116
796579808
811955375
566964917
608535176
378920285
175500086
987455461
554420371
162955540
541875825
717375911
704831365
259251729
422207269
964083094
681458998
386290356
645542085
67749347
31832434
713291432
99581781
745123866
812873213
844705647
557997072
657578853
402702712
215575918
60281558
618278630
275857476
678560188
894136106
954417664
572696287
848553763
527113944
421250043
375667700
948363987
796917743
324031680
745281723
120949416
69313396
866231139
190262812
935544535
56493944
125807340
992038479
182301284
117845812
174339756
300147096
292185568
474486852
592332664
766672420
66819509
359005077
833491929
425824586
192496999
259316508
618321585
451813507
877638093
70135085
329451593
947773178
399586678
277224764
347359849
676811442
624584613
24171284
301396048
648755897
325567332
950151945
974323229
275719270
924475167
250042492
200194430
174517652
450236922
374712082
624754574
824949004
999466656
449703571
824415653
449170220
274119217
273585866
723289437
547705083
996875303
270994513
544580379
267869809
815574892
812450188
83444694
628025073
895894882
711469767
523919948
607364642
235389708
131284583
842754350
366674291
974038933
209428634
340713217
183467560
550141851
524180777
733609411
74322621
257790181
807932032
332112802
65722206
140044827
397835008
205767033
537879835
603602041
743646868
141481869
347248902
885128737
488730771
232377632
373859501
721108403
606237133
94967897
327345529
701205030
422313426
28550552
123518449
450863978
152069001
574382427
602932979
726451428
177315399
329384400
903766827
506699799
233151220
410466619
739851019
643617839
150317631
383468851
793935470
533786482
177404314
327721945
711190796
505126259
38912734
216317048
544038993
255229782
760356041
799268775
15585816
559624809
814854591
575210625
374479393
390065209
949690018
764544602
339755220
714234613
104299815
53989826
818534428
158289641
872524254
976824069
30813888
849348316
7637950
880162204
856986266
887800154
737148463
744786413
624948610
481934869
369735016
106883472
851669885
476618488
958553357
328288366
435171838
286841716
763460204
722013554
50301913
485473751
772315467
535775664
257789211
308091124
793564875
565880335
101655992
359445203
667536327
461101195
26981523
128637515
488082718
155619038
616720233
643701756
772339271
260421982
416041020
32761246
676463002
448802266
709224248
125265261
158026507
834489509
283291768
992516016
117781270
275807777
110297279
393589047
386105056
503886326
779694103
889991382
283580422
669685478
173571797
953265900
843257275
126837690
796523168
970094965
923360858
766618126
893455816
689978977
660073935
583434786
350052905
243508714
933487691
593561619
176996398
527049303
770558017
704045701
297607313
474603711
1653007
772211024
476256718
773864031
248467735
250120742
22331759
498588477
272452501
520920236
771040978
793372737
291961207
564413708
85333937
856374915
649747645
941708852
506122553
591456490
447831398
97579036
39287881
545410434
136866917
584698315
682277351
721565232
266975659
403842576
988540891
670818235
392383460
659359119
63201688
51742572
722560807
114944260
774303379
837505067
889247639
611808439
726752699
501056071
338561131
227808763
839617202
566369894
67425958
405987089
633795852
473413047
39782934
107208892
513195981
146991826
620404873
660187807
767396699
280592673
427584499
47989365
708177172
475573864
756166537
183751029
231740394
939917566
415491423
171657953
355408982
587149376
527066935
942558358
114216304
469625286
56774655
583841590
526399941
640616245
110241524
167016179
750857769
277257703
917873948
28115465
195131644
945989413
223247109
141121050
169236515
364368159
310357565
533604674
674725724
843962239
208330391
518687956
52292623
727018347
570980579
779310970
297998919
350291542
77309882
648290461
427601424
725600343
75891878
153201760
801492221
229093638
954693981
30585852
183787612
985279833
214373464
169067438
199653290
383440902
368720728
583094192
752161630
951814920
335255815
703976543
287070728
39232351
991047271
326303079
30279615
317350343
356582694
347629958
673933037
704212652
21562988
378145682
725775640
399708670
103921315
125484303
503629985
229405618
629114288
733035603
858519906
362149884
591555502
220669783
953705386
812225285
174375162
765930664
986600447
940305826
752531104
926906266
692836923
679437363
619743182
372274279
299180538
992017461
671454817
291197992
663472271
962652809
954670263
626125073
917323065
580795329
543448131
498118387
124243453
41566511
622361840
165809964
663928351
788171804
829738315
452100148
617910112
281838456
70010253
899748568
351848709
969758821
251597270
321607523
221356084
573204793
542963607
794560877
116168393
337524477
910729270
453692870
248253740
364422133
701946610
612675873
66368736
314622476
679044609
380991212
993667085
60035814
374658290
53702892
434694104
428361182
488396996
863055286
916758178
351452275
779813457
268210446
131265725
48023896
399476171
179289621
447500067
578765792
626789688
26265852
205555473
653055540
231821325
858611013
884876865
90432331
743487871
975309196
833920202
718797060
809229391
552717255
528026444
361946639
80743692
889973083
442690331
970716775
332663407
413407099
303380175
746070506
716787274
49450674
462857773
766237948
512308447
229095714
278546388
741404161
507642102
19950542
249046256
527592644
268996798
776638900
796589442
45635691
573228335
842225133
618864026
415453461
461089152
34317480
876542613
495406632
910860093
371949238
406266718
282809324
778215956
689076042
61025273
467291991
750101315
528317264
217393299
278418572
745710563
495811871
24129128
241522427
519940999
265651555
761463426
785592554
27114974
547055973
812707528
574170947
359763494
386878468
933934441
746641962
320812902
680576396
67454857
1389291
748031253
68844148
749420544
816875401
818264692
566295938
635140086
384560623
201436017
19700702
585996640
221136719
605697342
807133359
826834061
412830694
633967413
239664748
46798100
873632161
286462848
920430261
160095002
206893102
80525256
366988104
287418358
447513360
654406462
734931718
101919815
389338173
836851533
491257988
226189699
328109514
717447687
554299213
45557194
271746893
599856407
317304087
871603300
917160494
188907380
788763787
106067867
977671167
894831654
83739027
872502814
978570681
956241841
851073488
934812515
807315322
785885996
742127830
593201311
528013819
335329134
121215123
863342953
456544257
984558076
319887203
441102326
304445272
760989529
745547598
65434794
506537120
810982392
571971914
317519505
382954299
889491419
700473804
272445711
589965216
972919515
862410927
562884724
835330435
425295644
398215152
260626072
823510796
658841224
84136861
482352013
742978085
566488874
225330091
309466952
791818965
534797043
101285910
326616001
636082953
427901911
962698954
63984857
390600858
26683804
454585715
417284662
481269519
871870377
898554181
353139889
770424551
251694063
123564433
22118607
375258496
145683040
397377103
520941536
543060143
918318639
64001672
461378775
982320311
525380447
443699079
507700751
969079526
951399830
476780270
920479349
428180093
397259612
348659435
825439705
745919047
174099133
571358745
920018180
745457878
491376918
665476051
236834789
156852962
902310840
393687751
59163795
295998584
452851546
355162379
748850130
808013925
104012502
556864048
912026427
660876550
468890468
572902970
129767011
41793431
702669981
171560442
744463412
874230423
916023854
618693828
790254270
534717675
408948091
324971938
943665766
733920029
268637697
677585788
2557719
946223485
680143507
948781204
626366985
628924704
575148182
255291682
204072879
830439864
459364561
34512736
289804418
493877297
324317154
783681715
818194451
107998862
601876159
926193313
709875021
528069465
636068327
237944479
164137785
874012806
402082264
38150584
276095063
440232848
314245647
716327911
754478495
30573551
470806399
785052046
501379950
255858438
286431989
757238388
542290427
43670370
299528808
585960797
343199178
885489605
929159975
228688776
814649573
157848744
43338342
972498317
201187086
15836652
173685396
217023738
189522048
390709134
406545786
580231182
797254920
986776968
377486095
784031881
364263056
161517969
148294930
525781025
309812899
674075955
835593924
983888854
509669872
819482771
493558719
329152636
313041483
822711355
642194119
135752831
464905467
777946950
600658298
242852410
378605241
843510708
621457651
222115942
464968352
843573593
687084294
308541938
530657880
995626232
839199818
526284105
834826043
365483916
361110141
200309952
726594057
561420093
926904009
288014143
488324095
214918145
776338238
703242240
991256383
479580471
694498616
470836847
174079080
165335456
644915927
339414536
810251383
984330463
149665912
794581839
133996368
944247751
928578207
78244112
872825951
6822312
951070063
879648263
957892375
830718319
837540631
788610687
668258943
626151311
456869623
294410247
83020927
751279870
377431174
834300797
128711037
211731964
963011834
340443001
174743791
303454828
515186792
478198619
818641620
993385411
296840232
812027024
290225636
108867249
102252653
399092885
211119902
501345538
610212787
712465440
111558318
322678220
824023758
434236538
146701971
258260289
580938509
404962260
839198798
985900769
244161051
825099560
230061813
69260604
55161366
299322417
124421970
354483783
423744387
478905753
778228170
902650140
257133916
680878303
159784049
938012219
840662352
97796261
778674564
938458613
876470825
717133170
814929431
593603988
532062594
408533412
125666575
940596006
534199987
66262574
474795986
600462561
541058560
75258540
141521114
616317100
216779654
757838214
833096754
974617868
590934961
807714615
565552822
398649569
373267430
964202391
771916999
337469814
736119383
109386806
73589190
845506189
182975996
919095379
28482178
102071368
947577557
130553546
49648918
78131096
180202464
127780014
258333560
307982478
386113574
566316038
694096052
952429612
260412083
646525657
212841688
906937740
859367345
119779421
766305078
979146766
886084499
745451837
865231258
631536329
610683088
496767580
242219410
107450661
738986990
349670071
846437651
88657054
196107715
935094705
284764769
131202413
219859467
415967182
351061880
635826649
767029062
986888529
402855704
753917584
389744226
156773281
143661803
546517507
300435084
690179310
846952591
990614394
537131894
837566978
527746281
374698865
365313252
902445146
740012117
267758391
642457256
7770501
910215647
650227757
917986148
560443397
568213898
478429538
128657288
46643429
607086826
175300717
653730255
782387543
829030972
436117791
611418508
265148756
47536292
876567264
312685048
924103556
189252305
236788597
113355854
426040902
350144451
539396756
776185353
889541207
315582102
665726553
205123302
981308655
870849855
186431950
852158503
57281798
38590446
909440301
95872244
948030747
5312538
43902984
953343285
49215522
997246269
2558800
46461784
999805069
49020584
46266846
48825646
95287430
95092492
144113076
190379922
239205568
334492998
429585490
573698566
764078488
3284049
337777047
767362537
341061096
105139577
108423626
446200673
213563203
554624299
659763876
768187502
214388168
427951371
982575670
642339539
410527034
624915202
52866566
35442229
677781768
88308795
713223997
766090563
801532792
479314553
567623348
280847338
46937894
848470686
327785232
895408580
176255911
223193805
71664484
399449716
294858289
471114200
694308005
765972489
165422198
460280487
931394687
625702685
391675167
557097365
17377845
948772532
574475210
966150377
523247735
540625580
489398105
63873308
30023678
553271413
93896986
583295091
647168399
677192077
230463483
324360469
907655560
554823952
232016022
462479505
786839974
694495527
249319472
481335494
943814999
730654966
425150486
674469958
155805445
99620437
830275403
255425882
929895840
85701278
185321715
15597111
271022993
200918826
286620104
471941819
487538930
758561923
959480749
246100846
718042665
205581588
964143511
923624253
169725092
887767757
93349338
57492842
981117095
150842180
38609930
131959268
189452110
170569198
321411378
360021308
491980576
681432686
852001884
173413255
533434563
25415132
706847818
558849695
732262950
265697506
291112638
997960456
556810144
289073087
554770593
845883231
843843680
400653817
689726904
244497490
90380714
934224394
334878204
24605101
269102591
359483305
293707692
628585896
653190997
922293588
281776886
575484578
204070467
857261464
779555045
61331924
636816502
840886969
698148426
477703464
539035388
175851883
16738845
714887271
192590728
731626116
907477999
924216844
639104108
831694836
563320945
470798937
395015774
34119875
865814711
429135649
899934586
294950353
329070228
194884932
624020581
523955160
818905513
147975734
342860666
966881247
490836400
309741906
457717640
800578306
767459546
258295939
568037845
25755478
826333784
593793323
852089262
420127100
445882578
272216355
866009678
718098933
138226026
584108604
856324959
722334630
440433556
578659582
162768179
19093131
741427761
181861310
760520892
923289071
942382202
683809956
865671266
626192151
549481215
491863410
175673359
41344618
667536769
217017977
708881387
884554746
925899364
593436126
810454103
519335483
403890222
329789579
923225705
733679801
253015277
656905499
986695078
909920776
643600570
896615847
553521339
540216410
450137179
93737742
990353589
543874921
84091324
534228503
627966245
618319827
162194741
246286065
780514568
408480806
26800626
188995367
435281432
215795993
624276799
651077425
840072792
275354217
491150210
115427002
766504427
606577212
881931429
373081632
488508634
255013054
861590266
743521688
116603313
605111947
860125001
721715260
465236941
581840254
186952194
47077188
768792448
234029382
815869636
2821823
49899011
818691459
52720834
868590470
871412293
921311304
740002756
792723590
661314053
532726339
454037636
194040385
986763975
648078021
180804353
634841989
828882374
815646342
463724356
644528709
279370691
108253058
923899400
387623749
32152451
311523142
419776200
343675593
731299342
763451793
74974928
494751128
838426721
569726056
333177842
408152770
902903898
741330612
311056661
644234503
52387266
955291164
696621769
7678423
651912926
704300192
659591349
356213111
363891534
15804453
720104645
379695987
735909098
99800625
115605078
835709723
215405703
951314801
51115419
166720497
2430213
217835916
169150710
220266129
386986626
389416839
607252755
776403465
996669594
383656213
773073052
380325800
156729258
153398845
537055058
310128103
690453903
847183161
581999
537637057
847765160
538219056
385402210
385984209
923621266
771386419
309605468
695007678
80991880
4613139
775999558
85605019
780612697
861604577
866217716
642217267
727822286
508434976
370039546
236257255
878474522
606296801
114731770
484771316
721028571
599503086
205799880
320531650
805302966
526331530
125834609
331634489
652166139
457469098
983800628
109635230
441269719
93435851
550904949
534705570
644340800
85610512
179046363
729951312
264656875
908997675
994608187
173654543
903605855
168262723
77260391
71868571
245523114
149128962
317391685
394652076
466520647
712043761
861172723
178564401
573216477
39737117
751780878
612953594
791517995
364734465
404471582
156252453
769206047
560724035
925458500
329930075
486182528
255388568
816112603
741571096
71501164
557683692
813072260
629184856
370755945
442257109
999940801
813013054
442197903
812953848
255210950
255151744
68164791
510362694
323316535
578527485
833679229
901844020
412206707
735523242
314050720
147729942
49573955
461780662
197303897
511354617
659084559
708658514
170439169
367743066
879097683
538182235
246840742
417279911
785022977
664120653
202302881
449143623
866423534
651446504
315567150
517870031
967013654
833437181
484883678
800450828
318320852
285334499
118771673
603655351
404106172
722427024
7761516
126533189
730188540
134294705
856721729
864483245
991016434
721204967
855499672
712221394
576704632
567721059
288926019
144425684
856647078
433351703
1072755
289998774
434424458
291071529
724423232
725495987
15494754
449919212
740990741
465413966
190909946
206404700
656323912
397314646
862728612
53638551
260043251
916367163
313681802
176410407
230048958
490092209
406459365
720141167
896551574
126600525
616692734
23152092
743293259
639844826
766445351
383138078
406290170
149583422
789428248
555873592
939011670
345301833
494885255
284313496
840187088
779198751
124500577
619385832
903699328
743886409
523085153
647585730
266971555
170670876
914557285
437642431
85228154
352199709
522870585
437427863
875070294
960298448
312498150
835368735
272796591
147866878
108165319
420663469
256032197
528828788
676695666
784860985
205524447
461556644
990385432
667081091
451942069
657466516
119023153
109408578
776489669
228431731
885898247
4921393
114329971
890819640
119251364
5149604
10070997
124400968
15220601
134471965
139621569
149692566
274093534
289314135
423786100
563407669
713100235
987193769
276507897
700293997
263701659
976801894
963995656
240503546
940797543
204499195
181301082
145296731
385800277
326597813
531097008
712398090
857694821
243495091
570092904
101189905
813587995
671282809
914777900
484870797
586060702
399648690
70931492
985709392
470580182
56640877
456289567
527221059
512930444
983510626
40151496
496441063
23662115
536592559
520103178
560254674
56695730
80357845
616950404
137053575
697308249
754003979
834361824
451312221
588365796
285674038
39678010
874039834
325352048
913717844
199391875
239069885
113109712
438461760
352179597
551571472
790641357
903751069
342212822
694392419
245963884
36605234
940356303
282569118
976961537
222925414
259530648
199886944
482456062
459417592
682343006
941873654
141760591
624216653
83634238
765977244
707850891
849611482
473828128
557462366
323439603
31290487
880901969
354730090
912192456
235632052
266922539
147824501
502554591
414747040
650379092
917301631
65126125
567680716
982427756
632806841
550108465
615234590
182915299
165343048
798149889
348258347
963492937
146408229
311751277
109901159
458159506
421652436
568060665
879811942
989713101
447872600
869525036
437585694
317397629
307110723
754983323
624508352
62094039
379491668
686602391
441585707
66094052
128188091
507679759
194282143
635867850
701961902
830149993
337829745
532111888
167979731
869941633
700091619
37921357
570033245
738012976
607954602
308046214
345967571
916000816
654013785
261968380
570014594
915982165
831982974
485996752
747965132
317979719
233961877
65944844
551941596
299906721
617886440
851848317
917793161
469734750
769641471
387527904
239376214
157169368
626904118
396545582
784073486
23449693
180619061
807523179
204068754
988142240
11591926
192210987
999734166
203802913
191945146
203537072
395748059
395482218
599285131
791230277
994767349
390515401
785997619
385282743
176513013
171280355
561795756
347793368
733076111
909589124
80869472
642665228
990458596
723534700
633123817
713993289
356658510
347117099
70651792
703775609
417768891
774427401
121544493
192196285
895971894
313740778
88168172
209712665
401908950
297880837
611621615
699789787
909502452
311411395
609292232
220913840
920703627
830206072
141617460
750909692
971823532
892527152
722733217
864350677
615260362
587083887
479611032
202344242
66694912
681955274
269039154
748650186
950994428
17689333
699644607
968683761
717333940
668328361
686017694
385662294
354346048
71679981
740008342
426026029
811688323
166034364
237714345
977722687
403748709
215437025
381471389
619185734
596908414
657116
216094141
597565530
216751257
813659671
814316787
30410921
627976451
844727708
658387372
472704152
503115073
131091517
975819225
634206590
106910735
610025808
741117325
716936543
351143126
458053861
68079662
809196987
526133523
877276649
335330503
403410165
212607145
738740668
616017310
951347813
354757971
567365116
306105777
922123087
873470893
228228857
795593973
101699743
23822823
897293716
125522566
921116539
22816275
46639098
943932814
69455373
990571912
13388180
60027278
3960085
73415458
63987363
77375543
137402821
141362906
214778364
278765727
356141270
493544091
634906997
849685361
128451081
484592351
978136442
613043432
462728786
591179867
75772211
53908646
666952078
129680857
720860724
796632935
850541581
517493652
647174509
368035226
164668154
15209728
532703380
179877882
547913108
712581262
727790990
260494363
440372245
988285353
700866608
428657591
689151954
129524192
117809538
818676146
247333730
936485684
66009869
183819407
2495546
249829276
186314953
252324822
436144229
438639775
688469051
874784004
127108819
563253048
1892816
690361867
565145864
692254683
255507724
257400540
947762407
512908264
205162940
460670664
718071204
665833604
178741861
383904801
844575465
562646662
228480259
407222120
791126921
635702379
198349034
426829293
834051413
625178327
260880699
459229733
886059026
720110432
345288752
606169451
65399177
951458203
671568628
16857373
623026824
688426001
639884197
311452818
328310191
951337015
639763009
279647199
591100017
919410208
870747216
510510218
790157417
381257427
300667628
171414837
681925055
472082465
853339892
154007513
325422350
7347398
479429863
332769748
486777261
812199611
819547009
298976865
631746613
118523867
930723478
750270480
49247338
680993951
799517818
730241289
480511762
529759100
210753044
10270855
740512144
221023899
750782999
961536043
971806898
712319035
933342934
684125926
645661962
617468853
329787881
263130808
947256734
592918689
210387535
540175416
803306224
750562951
343481633
553869168
94044577
897350801
647913745
991395378
545264539
639309116
536659910
184573648
175969019
721233558
360542667
897202577
81776218
257745237
978978795
339521455
236724025
318500243
576245480
555224268
894745723
131469741
449969984
26215457
581439725
476185441
607655182
57625159
83840616
665280341
141465775
749120957
806746116
890586732
555867066
697332841
446453791
253199900
143786625
699653691
396986525
843440316
96640209
240426834
940080525
337067043
180507352
277147561
517574395
457654913
794721956
975229308
252376862
769951257
227606163
22328112
997557420
249934275
19885525
247491688
269819800
267377213
517311488
537197013
784688701
54508494
321885707
839197195
376394201
161082895
215591389
537477096
376674284
753068485
914151380
129742762
667219858
43894135
796962620
711113993
840856755
508076606
551970741
348933354
60047340
900904095
408980694
960951435
309884782
369932122
270836210
679816904
640768332
950653114
320585229
591421439
271238336
912006668
862659775
183244997
774666436
45904765
957911433
820571201
3816191
778482627
824387392
782298818
602870012
606686203
385168823
209556208
991855026
594725031
201411227
586580050
796136258
787991277
382716301
584127528
170707571
966843829
754835099
137551393
721678921
892386492
859230314
614065406
751616799
473295713
365682198
224912505
838977911
590594703
63890409
429572607
654485112
493463016
84057712
147948121
577520728
232005833
725468849
809526561
957474682
534995403
767001236
492470078
301996632
259471307
794466710
561467939
53938010
355934642
615405949
409872652
971340591
25278594
381213236
996619185
406491830
377832414
403111008
784324244
780943422
187435245
565267659
968378667
752702904
533646319
721081564
286349216
254727876
7430773
541077092
262158649
548507865
803235741
810666514
351743599
613902248
162410106
965645847
776312354
128055946
741958194
904368300
870014140
646326487
774382433
516340620
420708913
290723046
937049533
711431959
227772572
648481485
939204531
876254057
587686009
815458581
463940059
403144583
279398633
867084642
682543216
146483268
549627851
829026484
696111119
378654328
525137596
74765440
903791924
599903036
978557364
503694953
578460393
482252310
82155339
60712696
564407649
142868035
625120345
707275684
767988380
332396022
475264057
100384395
807660079
575648452
908044474
383308524
483692919
291352991
867001443
775045910
158354427
642047346
933400337
800401773
575447676
733802103
375849442
309249772
109651538
685099214
418901310
794750752
104000517
213652055
898751269
317652572
112403317
216403834
430055889
328807151
646459723
758863040
975266874
405322756
734129907
380589623
139452656
114719523
520042279
254172179
634761802
774214458
888933981
408976253
663148432
297910227
72124678
961058659
370034905
33183330
331093557
403218235
364276887
734311792
767495122
98588672
501806907
866083794
600395579
367890694
466479366
968286273
834370060
434765632
802656326
269135685
237421951
71792004
506557636
309213955
578349640
815771591
887563595
394121224
703335179
281684812
97456396
985019991
379141208
82476380
364161192
461617588
446637572
825778780
908255160
272416345
734033933
180671498
6450271
914705431
187121769
921155702
101827193
108277464
22982888
210104657
131260352
233087545
341365009
364347897
574452554
705712906
938800451
280165453
644513350
218965897
924678803
863479247
143644693
788158043
7123933
931802736
795281976
938926669
727084705
734208638
666011367
461293336
400219998
127304696
861513334
527524694
988818030
389038021
516342717
377856044
905380738
894198761
283236775
799579492
177435529
82816260
977015021
260251789
59831274
237266803
320083063
297098077
557349866
617181140
854447943
174530999
471629076
28978935
646160075
500608011
675139010
146768079
175747014
821907089
322515093
997654103
144422175
320169189
142076271
464591364
462245460
606667635
926836824
68913088
533504452
995749912
602417540
529254357
598167445
131671890
127421795
729839335
259093685
857261130
988933020
116354808
846194143
105287821
962548951
951481964
67836765
914030908
19318722
981867673
933349630
1186388
915217296
934536018
916403684
849753307
850939695
766156984
700692995
617096672
466849972
317789660
83946637
784639632
401736297
868586269
186375922
270322559
54962184
456698481
325284743
511660665
781983224
836945408
293643882
618928625
130589283
912572507
749517908
43161783
662090408
792679691
705252191
454770092
497931875
160022276
952701967
657954151
112724236
610656111
770678387
723380347
381334491
494058727
104714831
875393218
598773558
980108049
474166769
578881600
454274811
53048362
33156404
507323173
86204766
540479577
593527939
626684343
134007509
220212275
760691852
354219784
980904127
114911629
335123904
95815749
450035533
430939653
545851282
880975186
976790935
426826461
857766114
403617389
284592568
261383496
688209957
545976064
949593453
234186014
495569510
183779460
729755524
679348970
913534984
409104487
592883947
322639464
1988427
915523411
324627891
917511838
240151295
242139722
157663126
482291017
399802848
639954143
882093865
39756984
522048001
921850849
561804985
443898843
483655827
5703821
927554670
489359648
933258491
416914311
422618132
350172795
839532443
772790927
189705231
612323363
962496158
802028594
574819514
764524745
376848101
339344252
141372839
716192353
480717091
857565192
196909437
338282276
54474622
535191713
392756898
589666335
927948611
982423233
517614939
910371837
500038165
427986769
410409995
928024934
838396764
338434922
766421691
176831679
104856606
943253370
281688285
48109969
224941648
329798254
273051617
554739902
602849871
827791519
157589766
430641383
985381285
588231149
416022661
573612427
4253803
989635088
577866230
993888891
567501311
571755114
561390195
139256418
133145302
700646613
272401720
833791915
973048333
106193628
806840241
79241954
913033869
886082195
992275823
799116057
878358011
791391873
677474061
669749877
468865927
347223931
138615797
816089858
485839728
954705655
301929579
440545376
256635227
742474955
697180603
999110182
439655551
696290778
438765726
135946322
135056497
574712048
271002819
709768545
845714867
980771364
555483405
826486224
536254762
381969622
362740979
918224384
744710601
280965356
662934978
25675950
943900334
688610928
969576284
632511255
658187205
602087532
290698453
260274730
892785985
550973183
153060708
443759161
704033891
596819869
147793045
300853753
744612914
448646798
45466660
193259705
494113458
238726365
687373163
732839823
926099528
420212979
658939344
346312500
79152316
5251837
425464816
84404153
430716653
509868969
515120806
940585622
24989768
455706421
965575390
480696189
421281804
446271572
901977993
867553376
348249558
769531362
215802927
117780913
985334289
333583840
103115195
318918122
436699035
422033317
755617157
858732352
177650467
614349502
36382812
791999969
650732314
828382781
442732276
479115088
271115050
921847364
750230138
192962407
672077495
943192545
865039902
615270033
808232440
480309928
423502466
288542361
903812394
712044827
192354748
615857214
904399575
808211962
520256782
712611530
328468737
232868305
41080260
561337042
273948565
602417302
835285607
876365867
437702902
711651467
314068762
149354362
25720222
463423124
175074584
489143346
638497708
664217930
127641047
302715631
791858977
430356678
94574601
222215648
524931279
316790249
747146927
841721528
63937169
588868448
905658697
652805617
494527138
558464307
147332748
52991438
705797055
200324186
758788493
906121241
959112679
664909727
865233913
624022399
530143633
489256305
154166025
19399931
643422330
173565956
662822261
816988286
836388217
479810540
653376496
316198750
133187029
969575246
449385779
102762268
418961018
552148047
521723286
971109065
73871326
492832344
44980384
566703670
537812728
611684054
104516391
149496775
716200445
254013166
865697220
970213611
119710379
835910824
89923983
955621203
925834807
45545179
881456003
971379986
927001182
852835982
898381161
779837157
751217136
678218311
531054286
429435440
209272590
960489726
638708030
169762309
599197749
808470339
768960058
407668081
577430390
176628132
985098471
754058522
161726596
739156986
915785118
900883582
654942097
816668693
555825672
471610783
372494358
27436448
844105141
399930806
871541589
244035940
271472388
115577522
515508328
387049910
631085850
902558238
18135753
533644081
920693991
551779834
454338065
472473818
6117892
926811883
478591710
932929775
405403586
411521478
338333354
816925064
749854832
155258411
566779889
905113243
722038300
471893125
627151536
193931418
99044654
821082954
292976072
920127608
114059019
213103673
34186620
327162692
247290293
361349312
574452985
608639605
935802297
183092583
544441895
118894873
727534478
663336768
846429351
390871239
509766112
237300583
900637351
747066695
137937927
647704039
885004622
785641966
532708654
670646581
318350613
203355228
988997194
521705841
192352415
510703028
714058256
703055443
224761277
417113692
927816720
641874969
344930405
569691682
986805374
914622087
556497049
901427454
471119129
457924496
372546576
929043625
830471072
301590194
759514690
132061259
61104877
891575949
193166136
952680826
84742078
145846955
37422897
230589033
183269852
268011930
413858885
451281782
681870815
865140667
133152590
547011475
998293257
680164065
545304725
678457315
225468783
223762033
903926098
449230816
127688124
353156907
576918940
480845031
930075847
57763964
410920871
987839811
468684835
398760675
456524639
867445510
855285314
323970142
722730817
179255449
46700952
901986266
225956401
948687218
127942660
174643612
76629871
302586272
251273483
379216143
553859755
630489626
933075898
184349374
563565517
117425265
747914891
680990782
865340156
428905666
546330931
294245815
975236597
840576746
269482405
815813336
110059144
85295734
925872480
195354878
11168207
121227351
206523085
132395558
327750436
338918643
460145994
666669079
799064637
126815066
465733709
925879703
592548775
391613405
518428471
984162180
910041876
502590644
894204049
412632513
396794686
306836555
809427199
703631241
116263747
513058433
819894988
629322180
332953414
449217161
962275594
782170575
411492748
744446162
193663316
155938903
938109478
349602219
94048374
287711690
443650593
381760064
731362283
825410657
113122340
556772933
938532997
669895273
495305923
608428263
165201189
103734179
773629452
268935368
877363631
42564813
146298992
919928444
188863805
66227429
108792242
255091234
175019671
363883476
430110905
538903147
793994381
969014052
332897521
763008426
301911566
95905940
64919985
397817506
160825925
462737491
558643431
623563416
21380915
182206840
644944331
203587755
827151171
848532086
30738919
675683250
879271005
706422169
554954248
585693167
261376410
140647408
847069577
402023818
987716985
249093388
389740796
236810366
638834184
626551162
875644550
265385339
502195705
141029882
767581044
643225587
908610926
410806624
551836506
319417543
962643130
871254049
282060666
833897172
153314708
115957831
987211880
269272539
103169704
256484412
372442243
359654116
628926655
732096359
988580771
361023007
720677123
349603771
81700123
70280887
431303894
151981010
501584781
583284904
653565791
84869678
236850688
738435469
321720366
975286157
60155828
297006516
35441978
357162344
332448494
392604322
689610838
725052816
82215153
414663647
807267969
496878800
221931609
304146762
718810409
526078371
22957164
244888773
549035535
267845937
793924308
816881472
61770238
610805773
878651710
672576011
489457476
551227714
162033480
40685183
713261194
202718663
753946377
915979857
956665040
669926227
872644890
626591260
542571110
499236143
169162363
41807246
668398506
210969609
710205752
879368115
921175361
589573860
800543469
510749214
390117322
311292676
900866536
701409998
212159205
602276527
913569203
814435732
515845723
728004928
330281448
243850644
58286369
574132092
302137013
632418461
876269105
934555474
508687559
810824572
443243026
319512124
254067591
762755150
573579715
16822734
336334858
590402449
353157592
926737307
943560041
279894892
870297341
223454926
150192226
93752260
373647152
243944486
467399412
617591638
711343898
84991043
328935529
796334941
413926572
125270463
210261506
539197035
335531969
749458541
874729004
84990503
624187538
959719507
709178041
583907038
668897541
293085072
252804572
961982613
545889644
214787178
507872250
760676822
722659428
268549065
483336243
991208493
751885308
474544729
743093794
226430030
217638516
969523824
444068546
187162333
413592363
631230879
600754696
44823235
231985568
645577931
276808803
877563499
922386734
154372295
799950226
76759022
954322521
876709248
31081536
831031762
907790784
862113298
738822539
769904075
600935830
508726607
370839898
109662430
879566505
480502328
989228935
360068826
469731256
349297754
829800082
819029010
179097829
648829085
998126839
827926914
646955917
826053746
474882824
473009656
300936563
947892480
773946219
248829036
721838692
22775248
970667728
744613940
993442976
715281661
738056909
708724630
453338563
446781532
162063186
900120095
608844718
62183274
508964806
671027992
571148080
179992791
242176065
751140871
422168856
993316936
173309720
415485785
166626649
588795505
582112434
755422154
170907932
337534581
926330086
508442513
263864660
434772592
772307173
698637252
207079758
470944418
905717010
678024176
376661421
583741179
54685590
960402600
638426769
15088183
598829362
653514952
613917545
252344307
267432490
866261852
519776797
133694335
386038642
653471132
519732977
39509767
173204102
559242744
212713869
732446846
771956613
945160715
504403452
717117321
449564160
221520766
166681474
671084926
388202240
837766400
59287159
225968633
897053559
285255792
123022185
182309344
408277977
305331529
590587321
713609506
895918850
304196820
609528349
200115663
913725169
809644012
113840825
723369174
923484837
837209999
646854004
760694829
484063996
407548826
244758818
891612822
652307644
136371633
543920459
788679277
680292092
332599729
468971362
12891814
801571091
481863176
814462905
283434260
296326074
97897158
579760334
394223232
677657492
973983566
71880717
651641051
45864276
723521768
697505327
769386044
421027088
466891364
190413125
887918452
657304489
78331570
545222934
735636059
623554504
280858986
359190556
904413490
640049542
263604039
544463025
903653581
808067064
448116599
711720638
256183656
159837230
967904294
416020886
127741517
383925173
543762403
511666690
927687576
55429086
439354259
983116662
494783345
422470914
477900000
917254259
900370914
395154252
817625166
295525159
212779411
113150318
508304570
325929729
621454888
834234299
947384617
455689180
781618909
403073790
237308082
184692692
640381872
422000774
825074564
62382639
247075331
887457203
309457970
134532527
196915166
443990497
331447693
640905663
775438190
972353356
416343846
747791539
388697195
164135378
136488727
552832573
300624105
689321300
853456678
989945405
542777971
843402076
532723369
386180040
376125438
918903409
762305478
295028840
681208880
57334311
976237720
738543191
33572024
714780904
772115215
748352928
486896112
520468136
235249033
7364241
755717169
242613274
763081410
998330443
5694677
761411846
4025113
767106523
765436959
771131636
532543475
536568588
303675104
69112056
840243692
372787160
909355748
213030845
282142901
122386586
495173746
404529487
617560332
899703233
22089812
517263558
921793045
539353370
439056596
461146408
978409966
900203004
439556367
878612963
339759364
318169323
218372320
657928687
536541643
876301007
194470323
412842643
70771323
607312966
483613966
678084289
90926925
161698248
769011214
252625173
930709462
21636380
183334628
952345842
204971008
135680463
157316843
340651471
292997306
497968314
633648777
790965620
131617084
424614390
922582704
556231474
347197087
478814171
903428561
826011258
382242725
729439812
208253976
111682530
937693788
319936506
49376311
257630287
369312817
307006598
626943104
676319415
933949702
303262512
610269110
237212207
913531622
847481317
150743822
761012932
998225139
911756754
759238064
909981886
670994811
669219943
580976690
340214747
250196626
921191437
590411373
171388056
511602803
761799429
682990859
273402225
444790281
956393084
718192506
401183358
674585583
119375857
75768934
793961440
195144791
869730374
989106231
64875158
858836598
53981382
923711756
912817980
977693138
836529729
890511111
814222860
727040833
704733964
541263686
431774790
245997643
973038476
677772433
219036112
650810902
896808545
869847014
547619440
766655552
417466447
314274985
184121992
731741432
498396977
915863424
230138402
414260394
146001819
644398796
560262213
790400615
204661002
350662821
995061617
555323823
345724431
550385433
901048254
896109864
451433680
797158111
347543537
248591784
144701641
596135321
393293425
740836962
989428746
134130380
730265701
123559119
864396081
853824820
987955200
718220894
841780013
706176087
560000900
547956093
266176980
107956986
814133073
374133966
922090059
188267032
296224018
110357084
484491050
406581102
594848134
891072152
1429229
485920279
892501381
487349508
378421653
379850882
865771161
758272535
245622036
624043689
3894564
869665725
627938253
873560289
497603971
501498535
371164253
999102506
872662788
370266752
871765287
242929533
242032032
114694813
484961565
356726845
599656378
841688410
956383223
441344781
798071626
397727997
239416400
195799616
637144397
435216016
832944013
72360406
268160022
905304419
340520428
173464434
245824840
513984862
419289274
759809702
933274136
179098969
693083831
112373098
872182800
805456929
984555898
677639722
790012820
662195613
467652535
452208426
129848141
919860961
582056567
49709095
501917521
631765662
551626616
133683176
183392271
685309792
317075447
868702063
2385232
185777503
871087295
188162735
56864791
59250023
245027526
116114814
304277549
361142340
420392363
665419889
781534703
85812245
446954585
867346948
532766830
314301526
400113771
847068356
714415297
247182120
561483646
961597417
808665766
523081056
770263176
331746815
293344225
102009984
625091040
395354209
727101024
20445242
122455226
747546266
142900468
870001492
890446734
12901953
760448219
903348687
773350172
663796899
676698852
437147064
340495744
113845909
777642808
454341653
891488717
231984454
345830363
123473164
577814817
469303527
701287981
47118337
170591501
748406318
217709838
918997819
966116156
136707650
885113968
102823799
21821611
987937767
124645410
9759371
112583170
134404781
122342541
246987951
256747322
369330492
503735273
626077814
873065765
129813080
499143572
2878838
628956652
502022410
631835490
130979055
133857893
762814545
264836948
896672438
27651486
161509379
924323924
189160865
85833296
113484782
274994161
199318078
388478943
474312239
587797021
862791182
62109253
450588196
924900435
512697449
375488624
437597877
888186073
813086501
325783943
701272567
138870437
27056503
840143004
165926940
867199507
6069937
33126440
873269444
39196377
906395884
912465821
945592261
818861698
858058075
764453952
676919766
622512020
441373711
299431779
63885724
740805490
363317503
804691214
104122986
168008710
908814200
272131696
76822903
180945889
348954599
257768792
529900488
606723391
787669280
136623872
394392664
924293152
531016536
318685809
455309681
849702345
773995490
305012019
623697828
79007502
928709847
702705330
7717342
631415170
710422672
639132512
341837835
349555177
980970347
691393012
330525517
672363352
21918522
2888862
694281874
24807384
697170736
719089258
721978120
416259987
441067371
138238100
857327358
579305471
995565458
436632822
574870922
432198273
11503737
7069188
443702010
18572925
450771198
462274935
469344123
913046133
931619058
382390249
844665184
314009300
227055426
158674477
541064726
385729903
699739203
926794629
85469099
626533825
12263721
712002924
638797546
724266645
350800463
363064184
75067101
713864647
438131285
788931748
151995925
227063026
940927673
379058951
167990692
319986617
547049643
487977309
867036260
35026945
355013562
902063205
390040507
257076760
292103705
647117267
549180465
939220972
196297725
488401430
135518690
684699155
623920120
820217845
308619268
444137958
128837106
752757226
572975064
881594332
325732283
454569389
207326608
780301672
661895997
987628280
442197662
649524270
429825935
91721925
79350198
521547860
171072123
600898058
692619983
771970181
293518034
464590157
65488208
758108191
530078365
823596399
288186549
353674757
111782941
641861306
465457698
753644247
107318997
219101938
860963244
326420935
80065175
187384172
406486110
267449347
593870282
673935457
861319629
267805732
535255079
129125354
803060811
664380433
932186165
467441237
596566591
399627395
64007821
996193986
463635216
60201800
459829195
523837016
520030995
983666211
43868004
503697199
27534208
547565203
531231407
575099411
78796603
106330811
653896014
185127414
760226825
839023428
945354239
599250246
784377660
544604478
383627899
328982131
928232377
712610030
257214501
640842400
969824531
898056901
610666924
867881425
508723818
478548342
376605236
987272160
855153578
363877389
842425731
219030960
206303113
61456684
425334073
267759797
486790757
693093870
754550554
179884620
447644417
934435174
627529037
382079584
561964204
9608614
944043788
571572818
953652402
515616599
525225213
469268994
40841805
994494207
510110799
35336005
504604999
545446804
539941004
50051796
85387801
589992800
135439597
675380601
725432397
810820198
400812991
536252588
211633182
937065579
747885770
148698754
684951342
896584524
833650096
581535859
730234613
415185948
311770465
145420554
726956413
457191019
872376967
184147425
329567979
56524385
513715404
386092364
570239789
899807768
956332153
470047550
856139914
426379696
326187457
282519603
752567153
608707060
35086749
361274206
643793809
396360955
5068008
40154757
401428963
45222765
441583720
446651728
486806485
888235448
933458213
375041926
821693654
308500132
196735573
130193779
505235705
326929352
635429484
832165057
962358836
467594534
794523886
429953363
262118413
224477242
692071776
486595655
916549018
178667424
403144666
95216435
581812090
498361101
677028525
80173184
175389619
757201709
255562803
932591328
12764505
188154124
945355833
200918629
133509950
146274455
334428579
279784405
480703034
614212984
760487439
94916011
374700416
855403450
469616427
230103859
325019870
699720286
555123729
24740149
254844008
579863878
279584157
834707886
859448035
114292036
694155914
973740071
808447950
667895978
782188014
476343921
450083985
258531928
926427906
708615913
184959827
635043812
893575740
820003639
528619545
713579372
348623177
242198910
62202542
590822087
304401452
653024629
895223539
957426081
548248161
852649613
505674235
400897767
358323841
906572002
759221608
264895836
665793603
24117437
930689439
689911040
954806876
620600472
644717909
575407341
265318374
220125243
840725715
485443617
60850951
326169325
546294568
387020276
872463893
933314844
259484162
805778730
192798999
65262885
998577729
258061884
63840607
256639606
321902491
320480213
578542097
642382704
899022310
220924794
541405007
119947097
762329801
661352104
882276898
423681898
543628995
305958789
967310893
849587784
273269675
816898670
122857452
90168338
939756122
213025790
29924453
152781905
242950243
182706358
395732148
425656601
578438506
821388749
4095100
399827248
825483849
403922348
225311090
229406190
629233438
454717280
858639628
83950711
313356901
942590339
397307612
255947233
339897944
653254845
595845177
993152789
249100015
588997959
242252797
838097974
831250756
80350764
669348723
911601520
749699487
580950236
661301000
330649716
242251229
991950716
572900945
234201938
564851654
807102883
799053592
371954530
606156468
171008115
978110998
777164583
149119106
755275574
926283689
904394680
681559256
830678362
585953929
512237611
416632284
98191533
928869895
514823817
27061421
443693705
541885238
470755126
985578943
12640357
456334062
998219300
468974419
454553355
467193712
923527774
921747067
390721479
845274834
312468539
235996306
157743366
548464845
393739672
706208211
942204517
99947876
648412721
42152386
748360597
690565107
790512983
438925697
481078083
229438673
920003780
710516756
149442446
630520529
859959202
779962975
490479724
639922170
270442692
130401887
910364862
400844579
40766742
311209434
441611321
351976176
752820755
793587497
104796924
546408245
898384421
651205169
444792659
549589583
95997821
994382242
645587404
90380056
639969639
735967460
730349695
375937092
466317148
106286780
842254240
572603928
948541020
414858161
521144941
363399174
936003102
884544115
299402269
820547210
183946377
119949472
4493580
303895849
124443052
308389429
428338901
432832481
736728330
861171382
169560804
597899705
30732179
767460509
628631884
798192688
396092386
426824565
194285067
822916951
621109632
17202011
444026576
638311643
461228587
82338212
99540223
543566799
181878435
643107022
725445234
824985457
368552249
550430684
193537699
918982933
743968383
112520625
662951309
856489008
775471934
519440310
631960935
294912237
151401238
926873172
446313475
78274403
373186640
524587878
451461043
897774518
976048921
349235554
873823432
325284468
223058979
199107893
548343447
422166872
747451340
970510319
169618205
717961652
140128517
887579857
858090169
27708367
745670019
885798536
773378386
631468548
659176915
404846927
290645456
64023835
695492383
354669291
759516218
50161667
114185502
809677885
164347169
923863387
974025054
88210549
897888434
62235596
986098983
960124030
48334572
946223006
8458595
994557578
954681601
3016166
949239172
957697767
952255338
906936932
909953098
859192263
816890023
769145354
676082279
586035370
445227626
262117642
31262989
707345268
293380631
738608257
725892
31988881
739334149
32714773
771323030
772048922
804037803
543371945
576086718
347409741
119458656
923496459
466868397
42955108
390364849
509823505
433319957
900188354
943143462
333508304
843331809
276651759
176840106
119983561
453491865
296823667
573475426
750315532
870299093
323790951
620614618
194090037
944405569
814704655
138495599
759110217
953200254
897605816
712310464
850806063
609916273
563116520
460722329
173032786
23838842
633755115
196871628
657593957
830626743
854465585
488220693
685092321
342686271
173313007
27778585
515999278
201091592
543777863
717090870
744869455
260868726
461960318
5738174
722829044
467698492
728567218
190527529
196265703
919094747
386793232
115360443
305887972
502153675
421248415
808041647
923402090
229290055
731443730
152692138
960733785
884135868
113425916
844869646
997561784
958295562
842431423
955857339
800726978
798288755
756584310
599015726
554873058
355600029
153888777
910473087
509488806
64361857
419961886
573850663
484323743
993812549
58174399
478136285
51986941
536310684
530123226
588297625
66433903
118420844
654731528
184854747
773152372
839586275
958007119
612738640
797593387
570745752
410332020
368339132
981077772
778671152
349416897
759748917
128088042
109165807
887836959
237253849
997002766
125090801
234256608
122093560
359347409
356350168
481440969
715697577
837791137
197138539
553488707
34929669
750627246
588418376
785556915
339045615
373975284
124602523
713020899
498577807
837623422
211598699
336201222
49222114
547799921
385423336
597022035
933223257
982445371
530245285
915668621
512690649
445913899
428359263
958604548
874273162
386963804
832877703
261236959
219841500
94114655
481078459
313956155
575193114
795034614
889149269
370227721
684183876
259376983
54411590
943560859
313788573
997972449
257349425
311761015
255321867
569110440
567082882
824432307
136193315
391515182
960625622
527708497
352140797
488334112
879849294
840474909
368183399
720324196
208658301
88507588
928982497
297165889
17490078
226148379
314655967
243638457
540804346
558294424
784442803
99098763
342737220
883541566
441835983
226278779
325377542
668114762
551656321
993492304
219771076
545148618
213263373
764919694
758411991
978183067
523331678
736595051
501514738
259926722
238109782
761441460
498036504
999551242
259477957
497587739
259029192
757065696
756616931
16094881
513682620
772711812
529777501
286394425
302489306
816171926
588883731
118661225
405055650
707544956
523716875
112600599
231261824
636317474
343862423
867579298
980179897
211441714
847759188
191621604
59200895
39380785
250822499
98581680
290203284
349404179
388784964
639607463
738189143
28392420
377796599
766581563
406189019
144378155
172770575
550567174
317148730
723337749
867715904
40486472
591053646
908202376
631540118
499256015
539742487
130796126
38998495
670538613
169794621
709537108
840333234
879331729
549870335
719664956
429202057
269535284
148867006
698737341
418402290
847604347
117139624
266006630
964743971
383146254
230750594
347890218
613896848
578640812
961787066
192537653
540427871
154324712
732965524
694752583
887290236
427718100
582042812
315008329
9760905
897051141
324769234
906812046
221820368
231581273
128632407
453401641
360213680
582034048
813615321
942247728
395649362
755863042
337897083
151512397
93760118
489409480
245272515
583169598
734681995
828442113
317851586
563124101
146293692
880975687
709417793
27269372
590393473
736687165
617662845
327080631
354350003
944743476
681430634
299093472
626174103
980524106
925267575
606698202
905791674
531965770
512489869
437757437
44455632
950247306
482213069
994702938
432460368
476916000
427163299
909376368
904079299
336539660
813455660
240618952
149995313
54074605
390614265
204069918
444688870
594684183
648758788
39373046
243442964
688131834
282816010
931574798
970947844
214390801
902522635
185338638
116913429
87861266
302252067
204774695
390113333
507026762
594888028
897140095
101914783
492028116
999054878
593942899
491082987
592997770
85025879
84080750
678023649
169106629
762104399
847130278
931211028
609234670
778341299
540445691
387575962
318786983
928021653
706362945
246808629
634384591
953171574
881193220
587556158
834364787
468749371
421920938
303114151
890670309
725035089
193784453
615705391
918819542
809489844
534524926
728309379
344014763
262834298
72324135
606849061
335158433
679173196
942007494
14331622
621180683
956339116
635512305
577519792
591851414
213032090
169371199
804883504
382403289
974254703
187286786
356657985
161541482
543944771
518199467
705486253
62144231
223685713
767630484
285829944
991316197
53460421
277146134
44776611
330606555
321922745
375383166
652529300
697305911
27912459
349835204
725218370
377747663
75053567
102966026
452801230
178019593
555767256
630820823
733786849
186588072
364607665
920374921
551195737
284982579
471570651
836178316
756553230
307748960
592731539
64302183
900480499
657033722
964782682
557514214
621816397
522296889
179330604
144113279
701627493
323443883
845740772
25071369
169184648
870812141
194256017
39996782
65068151
234252799
105064933
299320950
339317732
404385883
638638682
743703615
43024558
382342290
786728173
425366848
169070456
212095014
594437304
381165470
806532318
975602774
187697781
782135085
163300548
969832866
945435633
133133407
915268492
78569033
48401892
993837525
126970925
42239410
120808443
169210335
163047853
290018778
332258188
453066631
622276966
785324819
75343590
407601778
860668409
482945368
268270180
343613770
751215548
611883950
94829311
363099491
706713261
457928802
69812745
164642056
527741547
234454801
692383603
762196348
926838404
454579944
689034745
381418341
143614682
70453079
525033023
214067761
595486102
739100784
809553863
334586879
548654640
144140735
883241519
692795375
27382247
576036887
720177622
603419134
296214502
323596749
899633636
619811251
223230378
519444880
843041629
742675258
362486502
585716880
105161753
948203382
690878633
53365128
639082008
744243761
692447136
383325762
436690890
75772891
820016652
512463781
895789543
332480426
408253317
228269962
740733743
636523279
969003705
377257015
605526977
346260713
982783992
951787690
329044698
934571675
280832381
263616366
215404049
544448747
479020415
759852796
23469155
238873204
783321951
262342359
22195148
45664303
284537507
67859451
330201810
352396958
398061261
682598768
750458219
80660022
433056980
831118241
513717002
264175214
344835236
777892216
609010450
122727445
386902659
731737895
509630104
118640547
241367992
628270651
360008539
869638643
988279190
229647175
857917826
217926358
87564994
75844177
305491352
163409171
381335529
468900523
544744700
850236052
13645216
394980745
863881268
408625961
258862006
272507222
667487967
531369228
939995189
198857188
471364410
138852370
670221598
610216780
809073968
280438371
419290741
89512332
699729112
508803073
789241444
208532178
298044510
997773622
506576688
295818125
504350303
802394813
800168428
306745109
602563234
106913530
909308343
709476764
16221866
618785100
725698630
635006966
344483723
360705589
979490689
705189312
340196271
684679994
45385576
24876258
730065570
70261834
754941828
800327404
825203662
555269225
625531059
380472880
180800277
6003932
561273157
186804209
567277089
748077366
754081298
315354448
502158657
69435739
817513105
571594396
886948844
389107494
458543233
276056331
847650727
734599564
123707051
582250284
858306615
705957335
440556892
564263943
146514220
4820828
710778163
151335048
715598991
862113211
866934039
577712195
729047243
444646227
306759431
173693463
751405658
480452894
925099121
231858545
405552008
156957659
637410553
562509667
794368212
199920213
356877872
994288425
556798085
351166290
551086503
907964375
902252793
459050871
810217161
361303657
269268025
171520811
630571682
440788836
802092493
71360511
242881322
873453004
314241833
116334319
187694830
430576152
304029149
618270982
734605301
922300131
352876276
656905425
275176400
9781694
932081825
284958094
941863519
217039912
226821606
158903424
443861518
385725030
602764942
829586548
988489972
432351483
818076513
420841448
250427989
238917954
671269437
489345943
910187391
160615373
399533327
70802757
560148700
470336084
630951457
30484777
101287534
661436234
131772311
762723768
793208545
894496079
555932306
687704617
450428378
243636916
138132988
694065294
381769904
832198282
75835191
213968179
908033473
289803370
122001645
197836836
411805015
319838481
609641851
731643496
929480332
341285340
661123821
270765665
2409154
931889486
273174819
934298640
205064298
207473452
139362931
412537750
346836383
551900681
759374133
898737064
311274807
658111190
210011864
969385997
868123054
179397854
837509044
47520901
16906891
885029945
64427792
901936836
949457737
966364628
851394566
915822358
817759187
767216917
733581538
584976097
500798448
318557628
85774538
819356076
404332166
905130614
223688235
309462773
128818842
533151008
438281615
661969850
971432623
100251458
633402466
71684074
733653924
705086540
805337998
438740457
510424531
244078448
949164988
754502979
193243429
703667960
947746408
896911389
651414361
844657790
548325743
496072144
392983526
44397880
889055670
437381406
933453550
326437069
370834949
259890612
697272018
630725561
957162630
327997572
587888184
285160195
915885756
873048379
201045944
788934128
74094316
989980072
863028444
64074381
853008509
927102825
917082890
780111327
844185708
697194210
624297028
541379911
321491231
165676932
862871142
487168163
28548067
350039298
515716230
378587365
865755528
894303595
244342886
760059116
138646474
4401995
898705590
143048469
903107585
41754052
46156047
944861637
87910099
991017684
32771729
78927776
23789406
111699505
102717182
135488911
214416687
238206093
349905598
452622780
588111691
802528378
40734464
390640062
843262842
431374526
233902897
274637361
665277423
508540258
939914784
173817674
448455035
113732451
622272709
562187486
736005160
184460188
298192639
920465348
482652827
218657980
403118168
701310807
621776148
104428968
323086948
726205116
427515916
49292057
153721025
476807973
203013082
630528998
679821055
833542080
310350046
513363128
143892119
823713174
657255247
967605293
480968414
624860533
448573700
105828940
73434226
554402640
179263166
627836866
733665806
807100032
361502665
540765831
168602690
902268496
709368521
70871179
611637010
780239700
682508189
391876703
462747882
74384885
854624585
537132767
929009470
391757345
466142230
320766808
857899575
786909038
178666376
644808606
965575414
823474982
610384013
789050389
433858988
399434395
222909370
833293383
622343765
56202746
455637141
678546511
511839887
134183645
190386391
646023532
324570036
836409923
970593568
160979952
807003484
131573513
967983436
938576997
99556942
906560426
38133932
6117361
944694358
44251293
950811719
988945651
995063012
939757363
984008656
934820368
923766012
918829017
858586373
842595022
777415383
701181388
620010398
478596764
321191779
98607155
799788543
419798934
898395698
219587470
318194625
117983161
537782095
436177786
655765256
973959881
91943035
629725130
65902909
721668165
695628039
787571074
417296197
483199106
204867264
900495303
688066370
105362560
588561666
793428930
693924226
381990589
487353149
75914808
869343738
563267957
945258546
432611688
508526496
377870227
941138184
886396723
319008404
827534900
205405120
146543297
32940013
351948417
179483310
384888430
531431727
564371740
916320157
95803460
480691890
12123610
576495350
492815500
588618960
69310843
81434453
657929803
150745296
739364256
808675099
890109552
548039348
698784644
438148893
246823985
136933530
684972878
383757515
821906408
68730386
205663916
890636794
274394302
96300703
165031089
370695005
261331792
535726094
632026797
797057886
167752884
429084676
964810770
596837560
393895439
561648323
990732999
955543762
552381315
946276754
507925070
498658062
454201817
6583125
952859879
460784942
959443004
413644814
420227939
373087811
833872753
793315750
206960557
627188496
276300
834149053
627464796
834425353
461613842
461890142
296039188
923503984
757929330
219543165
681433307
977472495
900976472
658905795
878448960
559882260
537354748
438331213
97237001
975685961
535568214
72922955
511254168
608491169
584177123
119745330
192668285
703922453
312413615
896590738
16336061
209004346
912926799
225340407
121931138
138267199
347271545
260198337
485538744
607469882
745737081
93008619
353206956
838745700
446215575
191952649
284961268
638168224
476913917
923129492
115082134
400043402
38211619
515125536
438255021
553337155
953380557
991592176
506717705
944972726
498309874
451690424
443282593
950000298
894973017
393282884
844973308
288255894
238256185
133229195
526512079
371485380
659741274
897997459
31226647
557738726
929224106
588965373
486962825
518189472
75928191
5152290
594117663
81080481
599269953
675198144
680350434
274468090
355548571
954818524
630016661
310367088
584835178
940383749
895202266
525218920
835586008
420421179
360804921
256007180
781226100
616812101
37233273
398038194
654045374
435271467
52083561
89316834
487355028
141400395
576671862
628755423
718072257
205427278
346827673
923499535
552254951
270327201
475754479
822582152
746081680
298336624
568663825
44418297
867000449
613082122
911418746
480082564
524500861
391501303
4583418
916002164
396084721
920585582
312086878
316670296
232672453
628757174
549342749
861429627
178099916
410772369
39529536
588872285
450301905
628401821
39174183
78703719
667576004
117877902
746279723
785453906
864157625
531733622
649611524
395891240
181345139
45502757
577236379
226847896
622739136
804084275
849587032
426823404
653671300
276410429
80494697
930081729
356905126
10576419
286986848
367481545
297563267
654468393
665044812
952031660
319513198
617076465
271544851
936589663
888621316
208134507
825210972
96755816
33345472
921966788
130101288
955312260
52068069
85413541
7380322
137481610
92793863
144861932
230275473
237655795
375137405
467931268
612793200
843068673
80724461
455861866
923793134
536586327
379654993
460379454
916241320
840034447
376620767
756275760
216655207
132896520
972930967
349551727
105827480
322482687
455379207
428310167
777861894
883689374
206172054
661551261
89861421
867723315
751412682
957584736
619135990
708997411
576720719
328133394
285718123
904854113
613851517
190572229
518705623
804423746
709277852
323129362
513701591
32407207
836830953
546108798
869238160
382939744
415346951
252177897
798286695
667524848
50464585
465811536
717989433
516276121
183800962
234265547
700077083
418066509
934342630
118143585
352409132
52486208
470552717
404895340
523038925
875448057
927934265
398486975
803382315
326421233
201869283
129803541
528290516
331672824
658094057
859963340
989766881
518057390
849730214
507824264
367787597
357554471
875611861
725342068
233166325
600953922
958508393
834120247
559462308
792628633
393582548
352090934
186211174
745673482
538302108
931884656
283975583
470186757
215860232
754162340
686046989
970022572
440209322
656069554
410231887
96278869
66301434
506510756
162580303
572812190
669091059
735392493
241903242
404483545
977295735
646386787
381779273
623682515
28166053
5461781
651848568
33627834
657310349
685476402
690938183
342786744
376414578
33724920
719201322
410139498
752926242
129340813
163065733
882267055
292406546
45332781
174673594
337739327
220006375
512412921
557745702
732419296
70158616
290164991
802577912
360323607
92742896
162901512
453066503
255644408
615968015
708710911
871612423
324678919
580323327
196291335
905002246
776614662
101293574
681616901
877908236
782910475
559525130
660818704
342435598
220343827
3254295
562779425
223598122
566033720
786377547
789631842
352411260
576009382
142043095
928420642
718052477
70463730
646473112
788516207
716936842
434989312
505453042
151926147
940442354
657379189
92368494
597821536
749747683
690190030
347569212
439937706
37759235
787506918
477696941
825266153
265203852
302963087
90469998
568166939
393433085
658636937
961600024
52070015
620236954
13670032
672306969
633906986
685977001
306213948
319883980
992190949
626097928
312074922
618288870
938172850
930363792
556461713
868536635
486825498
424998341
355362126
911823839
780360467
267185958
692184299
47546418
959370257
739730717
6916668
699100967
746647385
706017635
445748345
452665013
151765973
898413358
604430986
50179324
502844337
654610310
553023661
157454640
207633964
710478301
365088604
918112265
75566898
283200862
993679163
358767760
276880018
352446916
635647778
629326934
988094694
264974705
617421621
253069392
882396326
870491013
135465711
752887332
5956717
888353043
758844049
894309760
647197085
653153802
541506838
300350880
194660633
841857718
495011513
36518344
336869224
531529857
373387568
868399081
904917425
241786642
773316499
146704060
15103134
920020559
161807194
935123693
81827746
96930880
16951432
178758626
113882312
195710058
292640938
309592370
488350996
602233308
797943366
90584297
400176667
888527663
490760964
288704323
379288620
779465287
667992943
158753900
447458223
826746843
606212123
274205059
432958959
880417182
707164018
313376134
587581193
20540145
900957327
608121338
921497472
509078658
529618803
430576123
38697454
960194926
469273577
998892380
429468496
468165950
428360869
897634446
896526819
325995308
794161258
222522120
120156559
16683371
342678679
136839930
359362050
479518609
496201980
838880659
975720589
335082632
814601241
310803214
149683866
125404448
460487080
275088314
585891528
735575394
860979842
321466915
596555229
182446750
918022144
779001979
100468887
697024116
879470866
797493003
576494975
676963862
373987971
253458830
50951826
627446801
304410656
678398627
931857457
982809283
610256077
914666733
593065353
524922803
507732079
117988149
32654875
625720228
150643024
658375103
776363252
809018127
434738348
585381372
243756468
20119713
829137840
263876181
849257553
93014014
113133727
942271567
206147741
55405287
148419301
261553028
203824588
409972329
465377616
613796917
875349945
79174526
489146855
954524471
568321381
443671319
522845845
11992693
966517164
534838538
978509857
501355695
513348388
479865545
14704076
993213933
494569621
7918002
487783547
502487623
495701549
990271170
998189172
485972712
988460335
484161877
474433040
472622205
958594917
947055245
431217115
905650155
378272353
336867263
283922501
715139616
620789764
999062117
335929373
619851874
334991483
955781247
954843357
290772723
910624597
245616073
201397313
156240663
447013386
357637976
603254049
804651362
960892025
407905404
765543380
368797422
173448777
134340795
542246199
307789572
676586994
850035771
984376566
526622758
834412330
510999317
361035081
345411640
872034398
706446721
217446031
578481112
923892752
795927143
502373857
719819888
298300993
222193738
18120874
520494731
240314612
538615605
760809343
778930217
299424941
539739553
78355151
839164494
618094704
917519645
457259191
535614342
374778829
992873533
910393171
367652355
903266697
278045519
270919045
181312209
548964564
452231254
730276773
1195811
182508020
731472584
183703831
913980604
915176415
97684428
829157012
12860836
926841440
842017848
939702276
768859281
781720117
708561550
550579391
490281660
259140934
40861044
749422594
300001978
790283638
49424565
90285609
839708203
139710174
929993812
979418377
69703979
909412182
49122349
979116161
958534531
28238503
937650685
986773034
965889188
924423712
952662215
890312893
877085920
842975101
767398806
720061014
610373900
487459813
330434907
97833706
817894720
428268613
915728426
246163326
343997032
161891745
590160358
505888777
752052103
96049128
257940873
848101231
353990001
106042097
202091225
460032098
308133322
662123323
768165420
970256645
430288736
738422058
400545374
168710787
138967425
569256161
307678212
708223586
876934373
15901791
585157952
892836164
601059743
477994109
493895900
79053845
971890009
572949745
50943847
544839747
623893592
595783594
168733332
219677179
764516926
388410511
984194105
152927430
372604609
137121528
525532039
509726137
662653567
35258169
172379697
697911736
207637866
870291433
905549602
77929292
775841028
983478894
853770320
759319915
837249207
613090228
596569115
450339428
209659336
46908536
659998764
256567872
706907300
916566636
963475172
623473929
880041801
586949094
503515723
466990888
90464810
970506611
557455698
60971414
527962302
618427112
588933716
146389407
207360821
735323123
353750228
942683944
89073344
296434165
31757281
385507509
328191446
417264790
713698955
745456236
130963738
459155184
876419974
590118922
335575151
466538889
925694073
802114040
392232955
727808106
194346988
120041054
922155094
314388042
42196141
236543129
356584183
278739270
593127312
635323453
871866582
228450758
507190028
100317333
735640786
607507361
835958119
343148140
443465473
179106252
786613613
622571725
965719865
409185331
588291583
374905189
997476914
963196772
372382096
960673679
335578861
333055768
296252533
668634629
629308301
964887162
297942923
594195456
262830078
892138379
857025534
154968450
749163906
11993977
904132356
761157883
916126333
665290232
677284209
581416558
342574434
258700760
923990992
601275194
182691745
525266179
783966939
707957924
309233111
491924856
17191028
801157967
509115884
818348995
310273844
327464872
128622832
637738716
456087704
766361548
93826413
222449245
860187961
316275658
82637199
176463612
398912857
259100811
575376469
658013668
834477280
233390130
492490941
67867403
725881071
560358344
793748474
286239408
354106811
79987875
640346219
434094686
720334094
74440898
154428773
794774992
228869671
949203765
23644656
178073429
972848421
201718085
150921843
174566499
352639928
325488342
527206427
678128270
852694769
205334690
530823032
58029452
736157722
588852484
794187174
325010199
383039651
119197366
708049850
502237017
827247216
210286860
329484226
37534069
539771086
367018295
577305155
906789381
944323450
484094529
851112824
428417972
335207346
279530789
763625318
614738135
43156100
378363446
657894235
421519546
36257674
79413774
457777220
115671448
537190994
573448668
652862442
110639655
226311103
763502097
336950758
989813200
100452848
326763951
90266041
427216799
417029992
517482840
844246791
934512832
361729624
778759616
296242449
140489233
75002058
436731682
215491291
511733740
652222973
727225031
163956706
379447997
891181737
543404703
270629727
434586433
814034430
705216160
248620856
519250583
953837016
767871439
473087592
721708448
240959024
194796033
962667472
435755057
157463498
398422522
593218555
555886020
991641077
149104568
547527090
140745638
696631658
688272728
837377296
384904379
525650017
222281668
910554396
747931685
132836057
658486074
880767742
791322131
539253809
672089866
330575933
211343668
2665792
541919601
214009460
544585393
755929061
758594853
300514447
514523907
59109293
815038354
573633200
874147647
388671547
447780840
262819187
836452387
710600027
99271567
547052407
809871594
646323974
356923994
456195561
3247961
813119555
459443522
816367516
272563070
275811031
88930579
548374101
364741610
637304680
913115711
2046283
550420384
915161994
552466667
465582371
467628654
18049031
933211025
485677685
951260056
418888703
436937734
370148752
855826437
807086486
225975182
662912916
33061661
888888098
695974577
921949759
584862668
617924329
506812420
202786990
124736742
709599410
327523732
834336152
37123135
161859877
871459287
198983012
33319157
70442292
232302169
103761449
302744461
336063618
406505910
638808079
742569528
45313982
381377600
787883510
426691582
169261103
214575085
595952685
383836188
810527770
979788873
194363951
790316636
174152817
984680587
964469453
158833397
949150033
123302843
107983423
72452869
231286266
180436292
303739135
411722558
484175427
715461693
895897985
199637113
611359671
95535091
810996784
706894762
906531875
517891539
613426630
424423407
131318162
37850030
555741569
169168192
593591599
724909761
762759791
318501353
487669545
81261137
806170898
568930682
887432035
375101573
456362710
262533601
831464283
718896311
93997877
550360587
812894188
644358464
363254768
457252645
7613225
820507413
464865870
828120638
285373276
292986501
113493907
578359777
406480408
691853684
984840185
98334085
676693862
83174263
775027947
759868125
858202210
534896065
618070328
393098268
152966386
11168589
546064654
164134975
557233243
710199629
721368218
267432865
431567840
988801083
699000705
420368916
687801781
119369614
108170690
807171395
227540304
915342085
34711692
142882382
950053777
177594074
92936152
127647844
270530226
220583996
398178070
491114222
618762066
889292292
109876281
508054351
999168573
617930632
507222917
617099198
125153542
124322108
742252740
249475650
866574848
991728390
116050491
858303231
107778874
974353722
966082105
82132589
940435820
48214687
22568402
988650507
70783089
11218902
59433589
82001991
70652491
141435580
152654482
212088071
294090062
364742553
506178133
658832615
870920686
165010741
529753294
35931420
694764035
565684714
730695455
260448742
296380162
991144197
556828904
287524352
547973094
844353256
835497446
392326343
679850695
227823782
72177031
907674477
300000813
979851508
207675283
279852314
187526784
487527597
467379098
675054381
954906695
142433472
629961069
97340160
772394541
727301229
869734701
499695763
597035923
369430457
96731679
966466380
466162136
63198052
432628509
529360188
495826561
961988697
25186742
457815251
987175439
483001993
444990683
470177425
927992676
915168108
398170094
843160777
313338195
241330864
156498965
554669059
397829829
711168024
952498888
108997846
663666905
61496727
772664751
725163632
834161478
497828376
559325103
331989847
57153472
891314950
389143319
948468422
280458262
337611734
228926677
618069996
566538411
846996673
184608400
413535077
31605066
598143477
445140143
629748543
43283613
74888679
673032156
118172292
747920835
791204448
866093127
539125276
657297568
405218396
196422837
62515957
601641233
258938794
664157190
860580027
923095984
524737210
783676004
447833187
308413207
231509184
756246394
539922391
987755578
296168778
527677962
283924349
823846740
811602311
107771082
635449044
919373393
743220126
554822430
662593512
298042549
217415935
960636061
515458484
178051989
476094538
693510473
654146527
169605004
347656993
823751531
517261997
171408517
341013521
688670514
512422038
29684028
201092545
542106066
230776573
743198611
772882639
973975184
516081243
746857816
490056420
262939052
236914229
752995472
499853281
989909701
252848746
489762975
242758440
742611721
732521415
985370161
475133129
717891569
460503283
193024691
178394845
653527974
371419536
831922819
24947503
203342348
856870322
228289851
60212663
85160166
288502514
145372829
373662680
433875343
519035509
807538023
952910852
326573525
760448868
279484370
87022386
39933231
366506756
126955617
406439987
493462373
533395604
899902360
26857970
433297957
926760330
460155927
360058280
386916250
820214207
746974530
207130450
567188730
954104980
774319180
521293703
728424153
295612876
249717849
24037022
545330725
273754871
569367747
819085596
843122618
388453336
662208207
231575947
50661536
893784154
282237483
944445690
176021630
226683166
120467313
402704796
347150479
523172109
749855275
870322588
273027377
620177856
143349958
893205233
763527814
36555184
656733040
800082998
693288224
456816031
493371215
150104248
950187246
643475463
100291487
593662702
743766950
693954189
337429645
437721132
31383827
775150777
469104959
806534604
244255729
275639556
50790326
519895285
326429882
570685611
846325167
897115493
417010771
743440653
314126257
160451417
57566903
474577674
218018320
532144577
692595994
750162897
224740564
442758884
974903461
667499448
417662338
642402902
85161779
60065233
727564681
145227012
787629914
872791693
932856926
660421600
805648612
593278519
466070205
398927124
59348717
864997329
458275841
924346046
323273163
382621880
247619202
705895043
630241082
953514245
336136118
583755320
289650356
919891438
873405676
209541787
793297107
82947456
2838887
876244563
85786343
879083450
962030906
964869793
841114349
926900692
805984135
768015034
732884820
573999162
500899847
306883975
74899002
807783822
381782977
882682824
189566792
264465794
72249609
454032586
336715403
526282195
790747989
862997598
317030177
653745580
180027768
970775757
833773348
150803518
804549098
984576866
955352616
789125957
939929475
744478566
729055425
684408034
473533984
413463452
157942011
886997436
571405463
44939440
458402892
616344903
503342332
74747788
119687228
578090120
194435016
697777348
772525136
892212364
470302477
664737493
362514834
135039963
27252320
497554797
162292283
524807117
659847080
687099400
184654190
346946473
871753590
531600663
218700056
403354246
750300719
622054302
153654958
372355014
775709260
526009972
148064267
301719225
674074239
449783492
975793464
123857724
425576949
99651181
549434673
525228130
649085854
74662796
174313977
723748650
248976773
898062627
972725423
147039393
870788043
119764809
17827429
990552852
137592238
8380274
128145083
145972512
136525357
274117595
282497869
410642952
556615464
693140821
967258416
249756278
660399230
217014687
910155508
877413917
127170188
787569418
4584098
914739606
792153516
919323704
706893115
711477213
626216812
418370321
337694018
44587126
756064339
382281144
800651465
138345476
182932602
938996941
321278078
121929536
260275012
443207614
382204548
703482626
825412162
85687167
528894781
911099329
614581948
439994103
525681270
54576044
965675373
580257314
20251410
545932680
600508724
566184090
146441397
166692807
712625487
313134204
879318294
25759684
192452491
905077978
218212175
97530462
123290146
315742637
220820608
439032783
536563245
659853391
975596028
196416629
635449412
172012650
831866041
807462062
3878684
639328096
811340746
643206780
450668835
454547519
93875608
905216354
548423127
999091962
453639474
547515082
452731429
1154549
246504
453885978
1401053
454132482
455287031
455533535
909419513
910820566
364953041
820240072
275773600
185193106
96013665
460966706
281206771
556980371
742173477
838187142
299153841
580360612
137340976
879514453
717701588
16855422
597216034
734557010
614071456
331773037
348628459
945844493
680401496
294472945
626245982
974874441
920718927
601120416
895593361
521839336
496713770
417432690
18553099
914146460
435985789
932699559
350132242
368685341
282831794
718817583
651517135
1649370
370334711
653166505
371984081
23501209
25150579
395485290
48651788
420635869
444137078
469287657
864772947
913424735
334060597
778197675
247485325
112258265
25682993
359743590
137941258
385426583
497684848
523367841
883111431
21052682
406479265
904164113
427531947
310643371
331696053
738175318
642339424
69871364
380514735
712210788
450386099
92725516
162596880
543111615
255322396
705708495
798434011
961030891
504142499
759464895
465173383
263607387
224638271
728780770
488245658
953419041
217026421
441664692
170445455
658691113
612110147
829136568
270801253
441246708
99937814
712047961
541184522
811985775
253232476
353170290
65218244
606402766
418388534
671621010
24791293
90009537
696412303
114800830
786421840
811213133
901222670
597634966
712435796
498857629
310070755
211293418
808928384
521364173
20221795
330292550
541585968
350514345
871878518
892100313
222392856
763978824
114493162
986371680
878471986
100864835
864843659
979336821
965708494
844180473
945045308
809888960
789225774
754934261
599114727
544160028
354048981
143274748
898209009
497323729
41483750
395532731
538807479
437016481
934340210
975823960
371356684
910164163
347180637
281520840
257344793
628701477
538865633
886046270
167567103
424911896
53613366
592478999
478525262
646092365
71004254
124617620
717096619
195621874
841714239
912718493
37336106
754432725
950054599
791768831
704487317
741823423
496256141
446310733
238079557
942566874
684390290
180646424
626957157
865036714
807603581
491993864
672640288
299597438
164634145
972237726
464231583
136871864
436469302
601103447
573341166
37572742
174444606
610913908
212017348
785358514
822931256
997375862
608289763
820307111
605665618
428596867
425972722
34262478
854569589
460235200
888832067
314804782
349067260
203636842
663872042
552704102
867508884
216576137
420212979
84085014
636789116
504297993
720874130
141087102
225172116
861961232
366259218
87133341
228220443
453392559
315353784
681613002
768746343
996966786
450359338
765713122
447326117
216072453
213039232
663398570
429111685
876437802
92510248
305549480
968948050
398059728
274497523
367007771
672557251
641505294
39565015
314062538
681070309
353627553
995132847
34697855
348760393
29830695
383458248
378591088
413288943
762049336
791880031
175338272
553929360
967218303
729267632
521147656
696485928
250415281
217633577
946901209
468048858
164534779
414950060
632583637
579484839
47533690
212068469
627018529
259602159
839086998
886620688
98689150
725707679
985309838
824396829
711017510
809706660
535414332
520724163
345120985
56138488
865845148
401259473
921983636
267104614
323243102
189088243
590347716
512331345
779435959
102679054
291767297
882115013
394446351
173882303
276561357
568328654
450443660
844890011
18772307
295333664
863662318
314105971
158995975
177768282
473101946
336764257
650870228
809866203
987634485
460736424
797500681
448370902
258237098
245871576
706608000
504108674
952479576
210716667
456588243
163196236
667304910
619784479
830501146
287089382
450285618
117590521
737375000
567876139
854965521
305251132
422841653
160216646
728092785
583058299
888309431
311151077
471367723
199460501
782518800
670828224
981979301
453347017
652807518
435326311
106154528
88133822
541480839
194288350
629614661
735769189
823903011
365383843
559672193
189286847
925056036
748959040
114342876
674015069
863301916
788357945
537316978
651659854
325674916
188976825
977334770
514651741
166311588
491986504
680963329
658298092
172949826
339261414
831247918
512211240
170509325
343459151
682720565
513968476
26179709
196689034
540148185
222868743
736837219
763016928
959705962
499854140
722722883
459560095
222577016
182282971
682137111
404859987
864420082
86997091
269280062
951417173
356277153
220697228
307694319
576974381
528391547
884668700
105365921
413060240
990034621
518426161
403094854
508460775
921521015
911555629
429981783
833076637
341537405
263058413
174614035
604595818
437672448
779209853
42268259
216882294
821478112
259150553
38360399
80628658
297510952
118989057
378139610
416500009
497128667
794639619
913628676
291768279
708268288
205396948
36560
913665236
205433508
913701796
119098737
119135297
32800526
238234034
151935823
271034560
390169857
422970383
661204417
813140240
84174793
474344650
897315033
558519443
371659676
455834469
930179119
827494145
386013581
757673257
213507719
143686831
971180976
357194550
114867800
328375519
472062350
443243319
800437869
915305669
243681181
715743531
158986843
959424712
874730374
118411548
834155079
993141922
952566627
827296994
945708542
779863614
773005529
725572149
552869136
498577671
278441278
51446800
777018949
329888078
828465749
106907020
158353820
935372769
265260840
93726582
200633602
358987422
294360184
559621024
653347606
853981208
212968623
507328807
66949824
720297430
574278631
787247254
294576054
361525878
81823301
656101932
443349179
737925233
99451104
181274405
837376337
280725509
18650735
118101839
299376244
136752574
417478083
436128818
554230657
853606901
990359475
407837551
843966369
398197019
251803913
242163381
650000932
493967294
892164313
143968219
386131600
36132525
530099819
422264125
566232344
952363944
988496469
518596281
940860406
507092743
459456680
447953142
966549423
907409822
414502558
873959238
321912373
288461789
195871604
610374162
484333393
806245766
94707548
290579152
900953314
385286700
191532459
286240007
576819159
477772466
863059166
54591618
340831625
917650784
395423243
258482402
313074020
653905645
571556422
966979665
225462060
538536080
192441718
763998140
730977798
956439858
494975931
687417649
451415782
182393573
138833424
633809355
321226997
772642779
955036352
93869769
727679124
48906114
821548893
776585238
870455007
598134124
647040238
468589124
245174355
115629355
713763479
360803710
829392834
74567182
190196537
903960016
264763719
94156546
168723728
358920265
262880274
527643993
621800539
790524267
149444525
412324799
939968792
561769324
352293584
501738109
914062908
854031693
415801010
768094594
269832696
183895597
37927283
453728293
221822880
491655576
675551173
713478456
167206742
389029622
880685198
556236364
269714813
436921555
825951177
706636368
262872725
532587538
969509093
795460263
502096624
764969349
297556880
267065966
62526222
564622846
329592188
627149068
894215034
956741256
521364095
850956283
478105344
372320371
329061620
850425715
701381991
179487328
551807699
880869319
731295027
432677011
612164339
163972031
44841343
776136370
208813374
820977713
984949744
29791080
805927450
14740817
835718530
820668267
850459347
656386790
671127607
506846130
327514390
177973730
834360520
505488120
12334243
339848633
517822363
352182876
857670996
870005239
209853865
727676228
79859097
937530093
807535325
17389183
745065411
824924508
762454594
569989912
587379095
332444499
157369000
919823594
489813499
77192587
409637086
567006086
486829673
976643172
53835752
463472838
30478917
517308590
493951755
547787507
11260338
41739255
559047845
52999593
600787100
612047438
653786693
212834531
265834124
866621224
478668655
132455341
345289872
611123996
477745213
956413868
88869202
434159074
45283063
523028276
479442137
568311339
2470406
47753469
570781745
50223875
618535214
621005620
668759089
239540827
289764702
908299916
529305529
198064611
437605438
727370140
635670049
164975571
363040182
800645620
528015753
163685795
328661366
691701548
492347161
20362907
184048702
512710068
204411609
696758770
717121677
901170379
413880440
618292049
315050812
32172482
933342861
347223294
965515343
280566148
312738630
246081484
593304778
558820114
839386262
152124885
398206369
991511147
550331254
389717509
541842394
940048763
931559903
481891150
871608659
413451046
353499802
285059698
766950848
638559500
52010539
405510341
690570039
457520880
96080373
148090912
553601253
244171285
701692165
797772538
945863450
499464696
743635981
445328139
243100670
188964113
688428809
432064783
877392922
120493585
309457698
997886507
429951283
307344198
427837783
737295481
735181981
165133257
472477455
900315238
637610712
372792686
537925943
10403391
910718629
548329334
921122020
459047956
469451347
380169969
928499303
849621316
308669265
778120612
158290574
86789870
936411186
245080444
23201049
181491623
268281493
204692672
449773116
472974165
654465788
922747281
127439946
577213062
50187220
704653008
627400282
754840228
332053283
382240503
86893504
714293786
469134007
801187290
183427786
270321290
984615076
453749076
254936359
438364145
708685435
693300504
147049573
401985932
840350077
549035505
242336002
389385575
791371507
631721577
180757075
423093077
812478652
603850152
235571722
416328797
839421874
651900519
255750664
491322386
907651183
747073050
398973562
654724226
146046605
53697781
800770831
199744386
854468612
515210
54212991
854983822
54728201
909196813
909712023
963925014
818908829
873637030
782833836
692545852
656470859
475379681
349016704
131850533
824396385
480867237
956246918
305263615
437114148
261510526
742377763
698624674
3888282
441002430
702512956
444890712
143515379
147403661
588406091
290919040
735809752
879325131
26728785
615134876
906053916
641863661
521188785

