24859957
48642822
14094059
55681985
55224112
8742713
10276766
77307424
98645065
31390709
59320668
26420095
7138809
33447896
30
45180057
41389437
69174921
56940429
74276468
26020554
65672329
60438609
17518454
99705537
44702433
92378
34830610
12217304
75675600
92027707
93922628
1576060
39941018
72583217
45784174
80116871
59284562
9225783
19507567
45977614
22273441
52268442
9379128
75749473
87928192
62086954
66032661
37280949
38980394
540174
16773616
6517469
98126305
7993495
76274982
17743769
11422
38245663
24
34731137
31347373
19120641
39916800
34101831
34191884
72284023
89620709
94169583
96048218
720
14938496
87347453
1717942
55031159
98490371
93730937
92227442
89806789
32600048
71773311
80622293
70240796
12256934
18345342
89209092
2520
94660920
82542505
3
94370641
32335461
38558325
78522271
48884095
73905181
60282776
98468161
6
10946176
18625758
74620
90720
101367
51934962
7680092
8207162
60714681
99451918
75582
72577786
99836787
90720
69611403
75372784
22056904
66497349
24615687
25677864
72346956
71457110
12639651
51656673
120
4989600
79623345
44683826
89868280
16216200
10809516
3
46560779
31717044
94022564
40155977
60274949
69690007
54362521
21380861
18342292
60101482
43104970
88665305
73327652
21500145
9443410
27438410
86630821
79968021
64377381
24
98177171
49217342
39306202
24537289
32428548
30374155
32590215
52891373
98931335
3326400
92447564
5404758
47351092
99927989
60225637
11150286
49355182
26782144
71368871
47222449
15316225
1
91521811
2362583
302400
11242699
58019722
62259424
43136245
59459186
6
90056958
88124623
40965338
151200
37406974
49096744
44542191
82057194
525859
31349936
80813004
43243200
62381332
49045576
86330361
62699872
88287369
2333851
77974509
70031983
88299801
62006339
4989600
4324896
37138234
18358607
97483947
61022350
13478500
3003
20058300
28364595
59271814
71009831
22760513
66489889
40721930
28401865
41750378
42190517
75611051
25185295
13605560
90022636
71040438
7675584
75664158
79218047
25399737
77275211
50237892
70880947
16637804
55005558
60
96252603
907200
2520
70313783
77181264
96709117
77927540
31235343
93830680
68428011
51836673
58234926
21695001
72155436
53195791
96005509
22516471
41930687
72544125
84054164
72471773
72505029
89600115
70718412
68749897
52277970
1957016
78377551
18670531
38916333
23015752
52640632
2
77739149
21617018
64279468
48556509
1814400
64200936
79931768
21621600
18220419
39481814
2
86173704
3058873
95611801
31478941
85543664
86946233
31349936
32847467
78213199
3
50906022
25340540
34615823
17299584
21607048
15908679
31475173
73546918
75300095
70754406
640091
27232612
5040
45360
5040
85128778
71193856
86628343
81171288
2
99130737
10794526
89664823
12307954
84600550
94960616
69279166
8940210
81091468
33054240
53324156
19759843
80842254
57270873
15940486
22849019
77998265
45360
62428747
19821908
6873620
29937600
50988169
69279166
6389664
64864800
9270412
78452434
302400
78974497
22156656
1963731
9750725
25900271
10271646
151200
98862080
33562879
89188779
19958400
34922906
91022231
64896591
35490177
66189350
16655778
56560470
37405021
19897383
53018319
5010045
69005113
12712242
65300248
51145759
36043863
362880
68317280
63395302
64489398
24
99504435
52396891
53785967
180
34788972
43404763
77700813
165
81916840
64309444
71435572
95135368
76344445
24742711
89579978
86701559
415800
38859749
88850410
76337702
9191298
52724110
41007186
66850985
7560
48642822
68146207
67368994
60
90720
40535685
23938280
78497806
15703534
84109027
64857096
45712747
13735243
56
82542505
34947421
40947908
23132369
88746654
51402104
55307204
31926127
13741334
96642380
20160
3326400
52211300
14471111
12
87445414
90447441
9507262
94662358
56051348
39202556
26602787
38333200
47738595
382514
54827322
62593284
46540139
46939022
80916923
25389485
32380612
83932144
44202711
87161160
89283516
18956915
45424811
29833924
31023628
32799869
20160
66913505
33866316
97252488
49412155
97024405
27639766
40207712
75839283
51212214
74289087
8535369
53427318
8917998
74568630
51495380
41754422
88293499
78995738
80887803
11141580
3808542
77595136
62197839
56453099
27259147
78377551
69462274
2947977
24670686
52904715
97985317
9368478
75977806
3
87756399
79266556
55000567
29937600
97189454
831600
15873532
54442524
95668842
2494800
9723530
82375750
99876318
36431142
15310565
71336419
99764553
53455439
20764539
77725818
97270384
30880532
1261260
15883173
19247596
73730411
60
420
61268628
52269602
64292147
84252655
15102833
11426315
17836121
79594847
88016513
17081503
86637837
39235109
5404758
84901585
93098312
28371809
40511866
87717239
60
9878212
15228359
51944713
907200
15562684
10714664
15674968
89578738
63721018
27350986
94078537
20360965
45360
48408990
4922906
5302893
4933319
65965821
82969805
83304868
52463598
45764387
40665347
93015465
24044499
1663200
88407089
34506839
2822193
25038213
30240
87558959
24
15120
51312340
26666451
27009703
47861413
69462274
78891486
21344676
38429715
96343879
41983506
1127626
42743418
21637715
91611459
80958964
31201963
47072355
41168152
97309873
38032984
96998551
8839322
34806556
8466579
48460569
68121445
63814913
38182667
38972827
25253873
604800
83861105
42238408
32955854
1814400
76766757
81395319
78514310
62115176
64802152
30875518
2520
67368994
93978431
37138234
6
31042930
46003632
50637869
45451150
99664493
10961660
96583467
89241320
45331756
81361956
37035035
98116375
29507617
72865606
61342196
3960
30378457
7283443
72997670
1303110
15037691
90909819
73147899
75927786
90089572
72385488
4989600
42814866
81754266
47452660
76789619
76093163
48574856
60
13994866
40116600
64523561
59284562
84141060
24
960960
71984503
3063060
60480
93301946
53810515
39182870
79609203
817190
25133997
37136239
68556540
56505334
821175
6981180
720
19306714
78559449
62274142
19958400
57899544
35892710
38997443
25494960
360
45071723
2575645
12974132
94515815
99045633
90720
720
82850981
2060516
18205675
24285459
46022401
21584604
40716574
59875200
57742788
180
5540558
95998255
648333
3
4358075
7364511
11248870
60060
55113622
91376
81675846
4269405
89571327
61675604
25850931
73292080
21372187
20
74212313
78508169
6
23429994
82893660
74780437
36223982
3326400
87248113
59376619
32997861
44609129
81443860
43877567
35280254
120
646646
77998265
18466172
60756111
44751031
79421307
98812275
17403278
34650
69477296
31880742
3
75621226
14102125
3857446
16345894
17458619
31215517
20160
5237535
14528568
8366879
84330314
47238383
97521258
86977776
52031634
31505517
26947418
6260237
10095935
76199211
26883822
720
31985154
96420575
48642822
96998695
15120
59943532
25764554
40381118
40419458
46044761
75166
75168136
12612600
65658959
6
85193126
20019690
68244677
22467070
10080
69815342
45055312
53081746
96301404
32724745
94571281
6
64857096
1260
98512129
98924564
44892094
84018636
44353133
82399216
80240648
83391534
51298281
35662475
35540164
8839322
69462274
49406790
80858278
83936668
6370868
8128636
71512009
49387071
80783754
453600
54053572
66347180
23669018
93219310
52793006
71956442
12135495
43214096
25167480
2568928
27088285
94378901
56768864
36172892
90581847
63962723
32703274
73845890
10922175
69111120
66497349
68037265
45002797
3
15725683
37892032
91425494
92773801
13037715
12743099
87262840
48822392
48438188
32756059
22156656
78177749
88700440
75436257
12
27756707
35133923
85632349
15674968
88079114
907200
50470369
26325725
49735817
97285644
16773616
54053572
4110436
56241733
40072996
37617594
25744915
44560931
77077313
92235064
98480924
50737036
9532328
2362308
99040685
28336640
2385953
731008
68952407
26382218
120
77673137
20962254
74994181
907200
89771701
57367122
9940786
72471773
20153482
21346383
62048458
720
28698257
26967641
894370
17957866
56513736
14543722
95978170
90122107
61128141
39050504
54233293
65930258
75904690
6
66658321
25234337
7185658
63790122
10838204
27214858
79826797
37020018
302400
53516431
9819953
75302819
86725312
88079114
60280869
5351531
87894404
73530384
69713076
81475073
54057190
8533725
4594331
120
50360046
25730381
19997171
6
67357028
95975385
7040050
94752926
15770327
87253124
10797025
62742453
66195541
840
61483753
60060
66621315
21018892
33759757
22249777
20040109
86054235
90720
74276468
71457110
90706428
32254592
84647544
70411183
84032317
36336095
5040
14691690
24075351
90720
21210979
37300510
1
56548753
20180160
36802409
72101359
67821874
1737863
35102610
65030690
30001802
2520
5040
52851755
73329530
88016513
46307660
120
81876170
86760111
91167362
73721467
74638472
6620485
39212762
86969366
64948888
420
56904861
81505247
78083841
277200
70202474
72246116
53395276
18564
2
17383860
83285427
27051748
90664932
27058618
63210051
120
85253101
37871232
56558672
66850306
94752926
210
35105247
21469453
2
87225855
54803694
7168114
5762781
80458820
70754406
85215996
26394784
59851503
70879732
9912592
33102425
43007157
5311735
23259587
1355292
63804381
88698215
24
94190219
94475774
49715017
20160
97122622
25142002
45784174
99149792
95883355
2649737
91005913
67787739
83285106
253704
49694014
24
80240648
74553442
58478299
74152648
66581369
21089644
79083742
30474092
52251659
20
39972876
12577548
76050042
907200
53488760
67070423
38306603
56449650
90720
37344186
60480
94036328
226451
39504253
43464367
5040
27322744
12438264
76142407
39812968
56903397
39480072
89609027
47230550
83371759
86608856
61165135
71268259
90860425
51899388
50388
10080
2
96294094
22932926
32492454
3973433
95604706
6022593
65140691
2494800
30439003
45442252
55784901
94181357
85205595
2
89469489
86891107
30735639
17040854
33399332
3
48620
93690064
64298813
32614572
98297838
7280020
37088203
76666400
21082201
13550345
15120
91086052
26125993
40069731
59744676
13463959
16572919
13722520
20595932
49669935
65673690
76910602
85689341
99216209
52632576
42574230
33922267
48872797
58758568
67850534
44205707
83160
90471136
39048205
2
42398008
76629179
39902251
74146560
87787624
85343917
93143998
79736010
71413394
32181981
19880562
1814400
35357288
57152246
2997770
44428259
20870061
94150152
21164387
17697812
49341372
78377551
28486045
99407860
30666560
1287
84161738
50848664
10080
6
33311346
33115709
10311195
26939273
47850269
78377551
66647001
1260
25606956
78213199
73628221
80676904
48594727
46320452
26291669
75170672
66551216
42009318
36801446
90906272
16837498
72820177
83892629
82278597
2692606
125970
47005138
69155700
86415435
10080
51380975
2
554400
90581847
20992172
52544766
52842897
86206946
10080
5769607
58002925
60871538
24915805
78213199
11728929
14738148
90424451
87689197
40120324
720
66094631
40738558
26270588
97824378
86960093
22049314
28942367
93608624
71078760
3
58166900
17463361
83478116
26622456
12281702
50244410
75235188
74922838
63401095
2702379
56574957
96702798
84630845
40633723
28456702
55529051
907200
52688193
56012424
69462274
76199211
64249281
13121300
12480928
2
20941897
19416792
65402375
34435323
25882577
2372274
55449808
19740907
98977856
45394397
54883106
38003003
75184625
55426800
98112344
86793125
57803239
72726306
69943148
78583133
4935187
36389727
84272056
302400
1367231
14723839
59875200
62718983
48338118
94571281
37800
27556714
3
94515373
49029829
47784911
58707656
40436605
6486480
67262012
16019614
21988426
40577131
60545047
105
70605480
27442029
41775384
94744299
58657221
92775665
9657700
89281516
65224895
44830110
99256068
38568499
81173131
90646488
181440
44520962
31347373
44412006
97105858
39916800
92626554
39528472
84678345
92391872
31974005
62079926
51329561
36431142
43395043
56351267
76033019
51527898
72218775
69357712
1169424
51439018
97974214
64217906
31473071
23877174
86428192
9459450
95771501
86827101
79081349
43302108
23254247
2
10976285
77455877
38924541
21252596
41914858
53445092
4284415
63532692
36809762
93570676
4709478
27619430
907200
46014496
61750077
61514050
21107765
44263092
10720624
6
68029417
67798624
30525614
65137325
31791862
1136940
23078428
13072431
12564392
6626258
8882291
67123323
42861683
59827161
1260
840
13634178
84690032
22844
62327367
69833510
8215599
3024644
20943820
92454834
99395009
65216252
24
21621600
630
72804854
73143976
46995909
71561455
86021402
15509425
31215517
24
42556237
34267261
378928
17403278
76847758
14414400
48352805
61311579
52647199
20710319
52268777
43738821
86812123
70167172
55212469
46140881
17090651
35234450
15641909
88016513
44701104
6720
74282683
44566706
6
76199211
360
6
13260919
74873203
302400
25216960
94378901
51779416
46592705
92342641
93492524
6300
78682715
59431133
90740957
3360
74778496
1814400
82596469
25225200
10080
33542022
7800580
40421127
94926117
27000943
2520
19958400
7677579
80531508
47766129
44414210
6398359
57270866
78377551
45405360
65869571
41177136
18086739
18854446
78864240
93025345
73338592
83386636
5040
48552929
97189454
26308757
81639815
55742200
33372120
33369120
9128531
120
17971778
3
94339208
66305838
31704114
4672224
896083
70243535
60
60481289
12
46658013
69920880
10941433
167960
56638991
63535312
41283764
35357288
21100090
38831280
52302307
88016513
19261034
2520
77158527
62239638
83399460
2
56755095
56384341
6650212
28490816
1651135
77550197
16045718
19193829
55914108
8210897
210210
86008825
58386801
180
84690032
83733657
39689702
69363718
47094743
36347118
41359978
39660357
27507522
47011560
5967912
72364216
39226217
25184045
869181
78264255
71094318
43117945
52616223
79914984
28386135
78076396
69770228
60338292
31135348
76878571
31504941
120
31064134
64140838
27248227
78451542
63579352
13809715
59019926
74103181
4989600
59725624
70946070
10030081
90720
18569117
99668863
88531914
31641272
5938984
4595649
72571373
86362417
49586634
19750393
79742077
89245407
19469912
59137660
49914982
453600
25596455
38490104
5182445
8066227
93143998
40926063
93473120
54520677
47234303
3326400
56167175
22097892
13978988
2
16447124
20509719
462
37425023
73247663
59459186
52498649
46101733
14573488
38926266
93909828
54372909
52881491
18601881
99205567
12682642
28818974
37112045
6817089
51351193
11679429
27026786
90948251
97347551
91425494
54233293
27247429
42602135
31349936
24160358
59494542
10839423
18446096
75710072
99100280
44148669
40320
1150914
13610631
39650401
31032522
85146533
92664244
98582541
71420163
26441795
85297314
105
23297545
77761137
50919630
74563620
52405949
54493313
40209673
12159182
54316877
33198727
81587638
48645342
67400432
98445084
59168396
41539373
34857960
9979200
39734285
89868280
27803697
720
19958400
2
7759526
85764992
46868918
28040853
40363217
36799872
59219594
61360761
97095113
95340426
31812057
96590955
73754722
36036
74658067
95411968
720
61363422
92203132
97497692
13113770
79602419
56348372
58505304
97285644
82542505
720
68886532
54876928
21004659
32201183
70457340
59459186
78036576
29409923
36198521
49934687
44241584
67245680
12293108
62610533
31917828
51279649
75568927
23123519
210
2
91135998
48594727
17403278
60261776
79196567
1096512
24
94348833
52652592
6
39866190
50908039
19759843
21360252
56439116
50499697
56524516
45032369
30028337
96677312
125970
7628457
75387984
71864336
7500718
9350278
24
80533005
75235188
48739614
55997378
68708080
26081239
73834831
30562501
15602243
15307342
55420976
77733032
50349594
453600
42189238
61407363
63132175
385215
9701465
31119713
82383728
49288496
32604841
16933158
40466773
21066085
97309873
88581625
54423228
28828800
7560
83783593
24539889
88038305
42886939
59344812
22617784
2520
2
73228263
2520
27225884
27177820
64823798
57908177
35953911
7591834
27845121
66273371
74116438
49938057
48236458
6864433
96939105
5040
34700663
50856510
57551195
40851630
39668945
66256347
89591900
13590886
85072464
47063957
11533664
62699872
94905660
93166304
1512
10294888
60537654
99829964
65595728
49568794
39916800
1
907200
81359495
78452434
32179778
92148568
70370386
10803524
3360
55412767
210
907200
80660351
55636770
82898237
62325495
86163856
51164674
23368995
12137092
18968287
5246029
7567560
24
12143714
35777974
12852775
62583147
181440
83453058
16249503
24893615
63871686
15475664
21603149
55453066
48723552
4989600
21114240
28079408
83877002
30267506
94049808
32078874
11630114
720
24234503
63883039
26910832
91410415
74407852
13003129
44200121
6224380
30681711
35905556
24
68451071
51351193
60
78803115
47298927
57067100
71741503
50734588
78130067
90737540
81275064
97061159
60482694
34639583
93569434
58930245
62655528
82023911
62183058
56752599
8095153
52586083
56805319
2
10700156
24508966
56755095
89387810
27812895
57560580
89609027
11926496
84562562
66880492
2520
34198854
75181062
61063009
38166195
80695177
90803278
92074887
24115652
360360
23004063
3
6327044
74528272
41369381
86428192
12852775
54233293
66156521
41925142
1663200
95701197
39500786
11907243
33244476
4989600
47646006
9305897
16304063
59908014
1814400
94208611
22997503
40896072
32691788
33915284
66832219
39909105
77885098
51737701
96449636
16282112
92049534
98787859
1586584
76199211
93105114
57885948
20915052
23837540
25435114
79451879
10195160
15030294
45821528
48574856
58734276
831600
81330394
19716806
3936390
86428192
2520
89596073
73332805
1663200
4989600
52869131
3097228
70594203
78910197
49135062
23037142
19750393
10652188
65045125
6
82835188
63028775
94622434
8632247
75319471
78498046
39761103
59928670
92076444
28175428
40301818
79594847
36160724
15812072
76813810
10227237
85702054
64132774
39126403
2
8457195
31704468
22110975
12217849
72804854
80063837
44717895
41562958
79833600
27023790
30595019
96447125
91861451
88100878
87937995
63067114
56575158
5040
97507250
89188779
73950391
40287328
44919089
20468224
20160
81141371
87090914
64523966
43144738
89944830
24287428
83901519
80112822
24886633
89801217
57560024
67841910
33636277
54344661
66551216
92206454
33102958
792
29274500
3
32816576
6
6
57954343
37136286
7516124
90419393
47588279
47784911
52162478
53749935
56904861
61534290
343681
91376
11973990
85055048
90646267
77116650
51383830
62699872
14990805
360
7117650
32503874
9940786
53690217
74076186
453600
51675805
86758321
6488923
2900804
36452832
13541029
29541065
49029766
2
11803015
67831241
88078381
42303189
80531508
77197473
94049808
27470771
94571281
32043823
924
63963200
3437065
50883819
41610743
3603600
39361486
4692815
56
93551792
46706777
13000017
21726810
86942407
37784048
97543617
61902861
41643665
20474528
27208668
87756818
93160340
6
13252806
57088234
10497349
4491521
61893860
126
98929042
32289285
61035351
91419402
26971511
24128169
2
85413071
98775386
26298543
56592164
81693227
82534421
89900803
63423361
52932766
75675600
3730051
21114240
39226217
81410292
29468474
40995341
67437201
14553297
31296642
56407663
35133923
45635628
8986612
16933158
77116650
456830
16300828
7601032
40327681
65254884
10350062
87718132
60760598
86502317
14647847
56146191
42385302
76314127
50955416
71850895
28
72182686
21844350
29690914
38928349
46193076
39912001
22165783
81528896
28099043
120
22852180
99266163
56574237
25898209
86964730
69613112
67240926
73032309
2
82861752
120
24287428
90720
78377551
57195238
90720
60567339
83444913
25721609
68823998
66799673
62587402
98433931
87025098
4989600
360
38152004
70548085
96301404
40220177
44581447
1260
89221120
72856377
50895255
82990708
17345607
92081130
11677010
68377526
46461957
16109756
17299796
18016236
25399737
74815792
85146995
90720
12
72184087
97189454
59522525
5082257
53026870
59409658
51549149
14941665
12
6797139
11132817
22126011
28880069
40902534
75926230
86942407
70514948
60
41284333
66515243
32792144
78977175
48987107
83248678
18417506
88629069
32792546
83078264
11802328
69125117
43243200
97961514
90
65191966
79970177
76845112
89606239
23654157
33745261
59875200
80560614
88916295
66970872
69234749
36237138
4989600
53334860
52154373
71619281
64432229
25842116
8696473
98445084
80922254
92095269
6
17247178
94599520
96376235
47735284
64317720
57656744
69962264
25617525
3780
45089939
2496144
20118134
3420114
5238610
86835596
24540467
71739122
43354726
62336254
70024230
11018080
38939824
79591679
64864800
1120
89617728
20312455
1814400
52327876
27905035
1636573
86486400
36347118
74892535
1814400
6
10080
1680
59132133
85338145
120
25920006
18838371
126
67690163
80790519
8107137
57195238
97174559
37425023
53408548
12612600
97285644
98362906
51866549
89459768
24649704
62911275
20970580
39563387
48642822
48654
45031811
74073507
90796345
61900687
54043130
20503926
1814400
79157469
8623589
95946537
9979200
28918383
82132362
75701034
19886056
90540948
96440679
85256625
80842254
54495932
60897452
1938662
79915492
39031983
67364115
92112773
72412844
120
59447034
67105757
73460499
73420310
40421127
8307948
2446469
26963588
89740009
28202478
73782873
34189703
61003747
11440
60
55824793
64818521
55221153
56644918
16288772
27826331
64355643
20059126
11440
497420
97500869
91801467
65216252
49886341
89651362
85995731
23215748
93538225
59914028
49163885
79538233
32313035
58094230
79474190
5861924
39372316
23083463
64022557
66076064
81921984
45187347
93148671
77519354
37279260
907200
59786635
40643180
70888509
57954343
14112247
61538559
59200997
86920204
24287428
70362820
23820967
10543957
64553352
94555025
29458180
10584501
120
93056527
720
24942060
75440110
34192792
75600
98543206
42798978
67443935
3103830
2
35357288
67105856
78452434
95975385
79445820
720
680680
90823929
56426391
71084543
34447226
34715729
45587323
86428192
9979200
79466812
98816440
21651054
22966644
58920893
5567759
20808662
62061419
46225398
8839322
69201984
59459186
20030010
81387670
90276149
63913128
10044262
120
28942367
38924541
30240
25242701
77116650
58334839
87261588
36980591
82858290
74493557
2
54854715
20971198
76959080
6652800
96699322
51351193
93702592
50600183
40583327
83355436
17874337
98614543
59875200
52386100
84980411
73188969
25727088
90485708
18918365
1081080
38300164
68467598
71649412
17689461
11907243
3445505
83733657
10481127
20180160
88087250
76173209
47073893
48741428
83189020
35133923
60425156
71571765
40363172
86640200
6784778
70714576
37126828
28417076
30905298
87445995
21892529
67154010
1
45368770
43215752
3326400
55698157
38541152
1
35116695
4595884
41667619
19641702
13222078
10567264
58707656
66238294
340139
94029119
42604743
19772416
69404985
13317718
360
65072286
89048334
79171714
24046358
70353928
20118134
50796155
84293324
80535023
27182512
8817922
83684052
64323516
84054579
30875518
593967
57878741
31860509
47982403
4399443
82949825
68898730
54233293
32311272
48642822
92974835
9199183
8403342
5048611
19469656
92665607
126
24765789
12831410
22928029
13536956
37133643
67307517
81745857
9511006
5040
73591828
47671518
72108463
39107276
67047803
65906032
11550
6331030
32230836
21004659
27005057
872705
93274672
86827101
20160
40409603
52036851
69613112
15221402
50402808
83528022
8944067
23252911
8942088
42027082
47784911
22684385
7417058
26175105
91470729
7675584
3770929
77849082
63269183
59459186
49937102
82350676
57729244
76199211
18487924
12
22036671
20180459
85042625
45395799
68159177
44195784
36187184
23915938
62138795
22156656
15367019
30472368
21376664
68736200
67552627
900900
277200
7816912
9979200
2414553
45712747
77596241
54193350
2
94262392
18569117
305129
34688873
24312023
25618199
42552931
69117335
71597039
78036885
45612487
226800
72886753
3326400
8950915
84050671
47004130
95452074
70204805
75919359
47603475
33906294
41034937
97299297
77592124
90068273
89783667
59875200
71578835
32938571
17313536
19580574
88850410
28872460
39838670
20160
69541201
28301788
32849355
40434115
24
20160
55307204
51954135
74707558
79260285
3108105
48785502
2700881
52138490
45836561
74301178
88807294
45958978
6369427
21695001
75575234
97824378
13931645
420
62522742
2120257
77694627
73229410
36669296
20808662
120
9172241
22156656
47627501
28530773
87736635
41322963
87055763
99143494
52245915
84272056
60603494
54508555
84871132
21141267
29407069
72856377
2573196
77305878
34873996
72212606
413793
48224818
71078294
96569465
20560168
54535007
95413482
19750393
84572570
20835663
3360
97039272
5950573
74276468
53075256
45203766
15883173
4111781
53908243
99529099
32428548
98906298
52724110
76117720
46527043
10080
360360
60
46731292
94916460
52192550
55915249
8940927
21607048
60891804
77339389
10273840
89033095
30063440
35474254
51017259
91158052
20160
61353594
57195076
6166219
1801586
64574382
93878044
1260
20293567
62267520
45504622
60
18968287
1248959
12863544
56820797
9979200
43113948
91523663
50428098
97090188
7082128
9207039
15890724
82647846
89837942
50183820
91122813
30454949
81889208
98381824
51499084
22237689
91895620
71301071
51370211
73628201
93863511
52016026
12376053
74495610
5396151
80483318
1260
91434066
43761868
78377551
47874466
93003899
79337890
73892459
39634390
44473340
50212562
5290740
48425059
33207044
98804218
6740121
60
95072653
66509702
361725
51836673
57579977
36281669
47205777
83754015
50351663
54710927
71493845
65340859
6
91163061
1279658
31154349
28510019
831600
65263058
33993049
99003159
72862284
30340910
29644965
91383196
95387802
9601365
46852694
58660914
19016492
81217549
9979200
61373935
20160
73916979
47312934
29937600
65909944
49703930
20949058
24
16408978
64801323
57195238
60
15695161
63327565
10442588
93858623
60647017
75600
77008081
69703330
57408737
97285644
54060234
19750393
9522286
92948903
37231327
29240320
83971119
21128517
69691256
4149581
95063672
82858290
37970940
4033383
31347373
14566193
64200936
68738863
33788294
84400934
3991680
2
61768223
46551297
53698518
360
41863334
69239135
5
10874272
77116650
19958400
48594727
16773595
34922906
83633920
56984604
10066598
33649380
9698580
66043481
59404402
99937320
77566003
90686065
75738926
26134684
45008092
138600
90720
73068574
50322158
3148010
81292969
75440714
55910987
85205595
36100144
39341245
3780
20160
78530751
21293656
3837792
38282700
98271000
45724561
3432
8649898
41739058
51197571
95667902
6
10036766
21654222
61264675
71850895
84258118
46022401
67863915
46981537
2522520
77014011
32346424
74600126
72676744
44935521
29625016
87188394
2520
61959387
92725921
19507567
22726837
24287428
32917446
48620
12626453
4284415
6
15674424
5762376
87320381
88558828
76041789
39521713
7085870
68859200
71714077
41562958
90956125
60186969
53937013
96114705
20996243
96124816
8783601
1663200
60549286
79075137
8255263
23237692
65526315
10194627
35606841
71683517
53392552
720
27247429
58868567
36315680
6160864
71558976
90720
88099609
25550659
37804591
3
49024861
49410053
64407782
157606
65149442
97366187
62572713
83622983
67812089
22165783
62048458
54251630
2520
105
77563934
77116650
14652705
49226934
10727327
3326400
89188779
10993257
55764695
16196902
34740520
6401977
28635433
81520315
65456639
58414180
49708499
12666110
78499917
62699872
62383555
97285644
6817089
77247626
66406716
74829919
48065539
68637632
2520
14371316
77045695
87226239
48912189
54856880
85157675
56480652
21466592
43325103
6027034
944931
3520838
3
907200
75906962
1280182
3229924
82704275
32608126
38810023
67745615
24511686
27916764
19958400
1260
97229079
15123970
7160331
95569822
44425205
48577601
3628800
15669604
89369012
43625175
87845249
77558760
89035725
68512944
66042104
58827517
415800
96266576
13390141
50700840
62631633
78475805
99134092
41802561
93851480
92936387
12796252
91422678
12
66736106
11533664
28849779
78397141
43305080
98775291
10080
60
60002194
26926060
83547431
2
32608003
32428548
45422668
26968115
639632
46203667
75625418
22940405
43570932
36060436
3435194
58166900
90095132
56904861
63251507
65003865
52066031
5915946
80251170
49494920
99058191
45756864
46385397
32428548
2520
15674968
49903271
924
93217409
54230787
72354150
19861455
46016485
21603149
57111461
2
95525193
1811608
98522214
73218203
77424427
78243717
80251170
57789424
86298346
5040
71322258
88732303
13399067
25243440
25757545
23918767
64179727
1260
18631643
77455723
27678929
89524360
34479566
86233512
74403371
47705984
94571281
91425494
25500387
43748547
30015055
83189020
84096863
93283241
20514459
21400312
79575728
18569117
23087618
56528503
5912460
26579658
59572224
25961391
67376071
28099043
31256161
3798769
90524829
69905947
23368995
72127633
25337857
37430140
60511392
5525644
61751036
40109059
75752736
75675600
3326400
65182511
22372489
6084267
29027181
44642104
11802328
33184964
49758834
49685496
48642822
68484388
60
83932144
93478326
91994245
5277434
3592829
16304063
6
45138871
2
12
19772416
20591138
57195238
56776943
44661082
2042040
92630912
74929154
32350259
59875200
45360
4884235
2
93072687
81375102
65544960
19958400
39723257
85315580
39163488
16190306
2474278
21187070
32100468
98857467
54520677
40312026
73968827
89142555
87209047
29823408
55078583
20
57193687
54825600
6034744
9707575
19702118
98116375
83565647
907200
83354535
77849082
49987067
24310298
14292668
59644724
48147547
53825643
97141836
49096869
22350759
32696916
86391824
29260549
33152491
3526981
85124618
27953140
24222382
78114795
99337376
55401619
5886843
90720
23365672
1663200
66937534
11926496
1663200
3903546
29142453
83136689
52757401
46617074
30543260
8008
37915749
22989370
45940443
89262661
47893714
73526106
96000115
47705984
1
89522145
93878203
89524360
56524097
62543162
94076405
36233882
44085867
14778283
4050290
38495426
21036789
165
59179307
13704104
45188396
90823929
420
91028464
52022169
96991680
98993583
25025867
720
998933
23840006
87258009
20623129
79129754
38558325
3
55967394
8543546
86604216
87540337
64821144
92461353
93179322
59284562
120
53369983
92076289
75196679
31382528
47024904
39789373
94297714
3817378
71822345
88778768
43464387
8403919
79662569
79440351
58683674
3621135
27277201
72123375
84215527
6
62776438
86417564
90865386
99242257
91378701
85288145
92648524
67478662
4545115
86709452
64471187
47076416
63484567
92898704
16187655
82205696
51271906
2
65101409
554400
22684385
24334374
96477110
29056053
88645300
30
81731863
71925136
3432
82075756
56871027
3431290
58457342
9073754
3
54482923
39474465
32455207
82815348
25879499
31700263
53948376
56755095
56
78177106
97189454
66057578
17372858
13510183
17074012
57893940
82717925
28550854
63044473
65735079
40320
10080
33040578
10438097
15974820
59119772
181440
21643772
57140949
138600
91497857
24
51764405
210
32691788
62705866
89497873
85650539
62487976
41624339
51503794
55485998
1680
98816550
45279751
97113309
886869
46711032
71057920
2
40259258
71435572
2
17767694
74384737
6287051
70830958
95438113
29426840
54271381
23726415
21788345
138600
8436285
96725865
24978917
95920491
122319
94660036
18285693
98690651
40534821
73212709
3465613
37045268
90871147
90143753
51169449
88480376
93212934
86796919
18178904
21607050
36359467
15214104
30714012
302400
44331566
23757703
14847397
61264675
1641384
40173735
76274982
78561309
6
67244316
59664128
37140237
8107137
61065873
30057250
1389266
54176187
93832356
21519166
86428192
55815207
58436087
66380084
168
91005701
20864189
9979200
90088567
4682226
70106985
19871867
54047580
46213836
44591521
60438609
29751473
83905363
65893690
48642822
20
120
46937554
83268094
81881377
57248503
62951068
40320
73100523
73505501
166320
92259485
58453322
504
53094805
66807154
16878849
41506489
62281856
53698518
65877700
37138234
33837443
2520
65967925
62694746
80867383
41207112
86044688
46965307
75778305
19750393
25827221
9522286
15423330
13301964
73526089
91971409
24015377
4895470
29373404
495
54195018
47285673
81462738
47236581
46225398
15382133
81726823
21729517
39189938
28742632
7500718
168168
43113948
55514213
94921983
75550072
59128928
72471773
63259224
1980553
29367579
181440
98820106
14463194
90954715
86574213
90823929
6231913
24
15814309
91993708
56904861
67799984
18918365
999387
49566887
58480640
94885854
75513887
85431806
98444379
14460508
51815127
19897645
15012400
88953525
33958802
25109725
64386025
45665872
64609247
72316670
23955686
7301691
23399280
73758765
47342363
71850726
21257343
181440
61343871
83967160
20106116
68822042
60201460
18052887
892281
2
90185957
38558325
86757695
12974847
54047580
14468086
62754993
18215571
23512452
86946233
30240
78859445
52343851
336
2520
99247310
25142676
14201581
24590727
7185658
24
71212110
720
9519924
10
15
71857512
22323643
37558338
99829180
31290516
40194746
94293914
23958850
360
21164387
2
32642422
907200
38764661
32121365
76337702
44085587
302400
86272490
23604184
83265018
30
13473709
14723839
47315667
75618999
43390002
99496795
49531578
46571987
1
53855836
45226856
30801062
58741281
55698157
75670576
69687895
18219758
42602694
9934914
18605069
138600
88099609
62056208
32994691
56755951
28006212
53040836
40838826
32025968
15135120
70607582
34194500
45629438
12190266
39226217
94062315
80344977
13236747
900793
60
97226238
10834984
30134540
34559284
52094804
63559286
73220084
42800624
39916800
53076718
85967433
3613141
28315489
56394815
34081123
68628795
30736027
5742145
68615667
20828029
88884432
58326368
2208412
840
67032144
3534673
61294933
16078733
14345464
138600
46339744
59699373
51380975
63594649
61916031
47360292
3839013
25225200
71252831
32065315
9872745
53913066
6
60842221
82609484
41760960
99738855
94482377
30152259
97495240
2272148
61035351
72793534
25756450
27842674
39931672
4934304
64716637
33232307
15130679
52285643
1771074
6616342
360
12887766
17286595
40101643
78621742
80681650
73201716
35760964
61221059
32428548
88504044
6415705
14444072
5404758
5638130
78800978
54855383
1814400
4835127
9335404
53894836
58959303
17918224
79076021
88126760
43968727
4989600
75047851
33629303
64857096
24
34611491
84137014
5350078
75738926
59799285
54298407
60
55934929
37822795
10234112
62432912
38558325
97449362
94571281
75134670
80398359
79283122
13463959
7567560
37528266
47126193
18173559
46736560
15444299
50461479
3593485
8107137
6388721
40161756
54362521
59126404
56680525
20
90311804
60864994
94571281
81269992
89987617
168168
92475880
29729593
41033400
420
85105287
30359285
84407397
2520
77898700
97693085
20811237
18750964
28861739
43947202
56167675
70228534
907200
33401212
79264927
15236567
80055096
78779173
68256757
61311235
18454279
19348009
29246470
16516313
46558512
33562879
40905377
2
94146703
86550083
88757795
33260022
80822217
81600039
43209345
720
35487338
45549666
453600
18653082
93104354
19529261
39860042
37670609
99703736
39456609
72590032
65989382
49574896
6
89978053
14968800
48987107
48038952
5250960
56098685
55549212
30563759
1260
53213273
96460065
46495667
98071729
23653984
65692953
45835240
82352486
7567560
12974847
56413993
49914982
23900795
24285459
91113052
57968078
10080
42504
11500625
2
1716
78357664
46947597
81214377
69407186
85326063
89429575
14335899
18311263
7502403
61612321
69661220
29642281
41429145
21166825
40784488
81240904
2567583
82166707
28776787
24169231
84928938
92854735
1814400
45913057
5404758
1486333
45360
6
65694
15133327
226800
26020017
59963220
6
68836083
13037715
12537145
2
96817925
96543002
65698357
343681
96156568
68544105
4932747
84630272
24287428
16271405
453600
55015044
59222721
62430552
61187976
48147547
90
52748925
37955885
43740963
55
19958400
9979200
2042975
69613112
3150
25964634
81366786
91135998
2
70320558
60838685
53332793
48313559
49092129
21607942
95738889
21792852
58708803
93021135
5557257
38558325
94358276
97517226
78682715
82005955
41697450
60585024
12143714
57558339
22775502
56426391
80842254
24138626
53698518
6210214
96598619
66199698
48728346
277200
94571281
97030677
19195077
50352857
5829772
16190306
138600
7420842
46447375
2
24
62028623
80251170
9979200
17677546
95761908
23714177
94008260
99058191
26021322
75085949
31281534
65245632
39189001
74422258
92687751
45314017
48666446
84018636
19750393
2
18270799
47024904
94485316
87754320
23308537
95356657
31676139
89663851
46495667
93726525
83453058
76161462
99185644
41429145
22905715
57364973
97141836
93235393
40213963
10700156
7741779
6
87564920
33309737
92096429
87250350
86235890
2919746
13791896
7390575
57367122
2
75733671
27718292
2
22336566
71659507
14986863
59789269
12
63525658
92140988
41777153
36947350
66244151
69235284
93137151
59384464
94347868
91320886
92480726
19302386
16214274
96939763
94608278
37442160
92396605
24
74744839
6776470
15050537
32234665
41478205
70560508
92420080
29937600
20342790
56407663
87195695
2
97330474
49849038
21497720
30521361
41027574
81620538
52565340
94987153
65115584
180
5068368
47251332
48957301
24765789
6720
43354726
2
91900359
91449122
72631360
82420640
88718845
80057200
48861816
17132366
71128212
12197628
37654127
36997935
54233293
76847758
38516796
48319764
89188779
25467258
2822193
59326671
78377979
36312055
3
2933800
83205530
88405422
87605236
77063560
49435614
40632131
51226065
83967160
43214096
47922357
81071370
49952605
33308228
5980627
35782012
23857554
9267808
24
1278606
14212289
80712014
75831498
42602135
64440641
50873415
94049808
120
12974847
24146296
95569822
73271841
11074204
151200
95749925
28296082
9940786
47091730
630
43580304
62446811
41684523
10967970
60158630
90
44425205
21728059
72856377
36655310
46524566
21869043
25775473
72003470
13743536
58095898
72455785
78163775
40895914
67094464
96012615
8107137
59875200
15627266
42053269
27974574
907200
10809516
82605727
907200
39646342
36449111
49172359
69613112
93574347
49135500
41284333
60508889
98153860
14414400
90720
22933887
55261344
46386652
96937066
78377551
89031623
360
63677361
58962955
41108059
37242680
720
9073754
60719491
93473120
47982403
89191957
23780513
39388806
5216806
495
73581565
43767761
8128898
35357288
19398055
22792614
84620067
2
6
72708695
535981
88454782
60180486
29736364
70267846
67640241
400400
48196764
16011330
85266501
26431815
94049808
97278627
72019208
77130112
90720
45528684
94609910
21677363
1980553
89188779
83936668
31543778
20709042
63269183
14692336
41349405
19750393
360
45635628
63210051
85253101
10080
96447125
80673223
39012262
24503887
9885625
54461687
94885854
49537023
13412403
78377551
2460414
15991254
74705222
37052755
95159908
78776385
32883542
64663816
55653496
96275026
181440
78384596
43625175
76461752
53572859
90375582
2
11872158
3003
89597343
60719491
2
2684467
91141017
42140034
86206197
99355956
34746815
34817199
34304005
55422598
28608920
7681381
52055894
2
45360
77849082
91519661
71705947
181440
180
60
98441360
12057826
9979200
93874492
25648635
30513995
84578423
18569887
16146894
82212014
58172323
10270153
61872098
63535733
21119250
166320
76549201
75128533
31294012
25727585
19681950
60936293
3
65701955
59142850
25424994
81290025
24842660
51301398
38128357
86125398
5040
28328512
49889565
76168455
74486415
32471625
38623888
51351193
32672909
25257157
81103230
34180806
59811641
29665063
72589302
24
2
22352223
15204332
49407329
12852775
95503513
8801585
95183501
41478205
17678644
67760113
26026912
2653317
98276017
92048435
96939105
1
87880940
20160
78377551
95783057
60139084
13167918
30
40068739
43217092
62887713
27843465
48869342
29642281
5496226
9865494
78203835
34981132
82288998
40363217
91927531
21621600
82677364
19750393
81443860
1469331
96274805
65164074
22281614
51714089
99570126
31059655
50485059
64911372
48912189
66042104
1814400
2494800
56620566
4871944
25605346
2702379
49734830
36232070
20608706
3394642
82122881
43695870
77116650
52734449
48624046
61589488
65300248
38816824
51533879
6
120
4659509
84945682
47971228
6471394
39400019
48642822
86354351
15674968
31538922
82265562
94378901
60324973
14845668
96050132
31008289
8718296
453600
62150198
24663735
81742287
52162478
59284562
66717786
2175603
18968287
40721930
40120324
67104048
81634118
90179067
33603355
41697196
5218292
17757940
67133291
3326400
35750692
1663200
5443006
74645749
49954772
62692796
40287328
65053305
10
8547971
664074
69448070
41479087
77983765
99759840
91086622
31533702
58019541
58386114
69057481
56
453600
56834152
87845249
65972985
15715202
77713315
72610254
24283003
29550871
30819536
46847433
32993376
19599577
72149046
3268760
10173787
33021052
7560
71558976
2
43657723
26656025
36801446
29375768
92949171
37138234
60481289
15711171
96978176
47259006
70707148
49971663
73654195
330
71822038
60
54661199
71382685
24981058
44452099
1814400
277200
6690139
66551216
23463915
95648749
96544342
23667671
44946294
74370233
30379879
10080
89078411
3360
46888656
50722818
26100738
68872608
56696060
77921103
37777055
21400312
3780
77639748
1814400
38416527
69077227
78377551
70589687
151200
82850981
98639976
51282812
99152445
1260
55337408
50081624
15441426
71682806
27065377
61707749
5449733
83871149
12
70616704
85504192
26946567
81742287
45573838
81787882
7810497
17669606
84274529
5695755
40327681
25565351
95642916
10227237
32446061
24162407
57235318
80741973
88328637
97824378
20
65216427
360
82024766
20466575
55149323
97630517
7859255
3679493
14594045
14665906
84012038
44690183
2
43816924
55401619
59789269
78991694
6930
90036049
3326400
70838588
93756579
30
12612600
8474828
12612600
97815215
79149526
92011082
48642822
91425494
64295695
82649664
11408851
44897416
45712747
43955719
71907905
60903679
43930042
33485629
75852275
58682026
12299751
63257236
48851119
98894638
76660221
17442557
40416556
4976616
81301760
28099043
40280574
86689750
79436041
362880
420
79824002
88315753
11217079
46442638
16155414
49045374
40120324
86141389
5538632
5273573
44935521
99063156
94594500
93527333
69304182
77145678
81934406
19958400
2520
1456454
35357288
23260814
74326773
4256154
80907845
2
74376781
69922828
54861661
95215872
42797612
90739287
81095423
91615051
44733537
82399216
6
24092986
51154326
302400
66008459
11840076
53819120
42826781
67896539
45299691
69509120
80986713
92624386
91360966
53985125
3345804
47569039
98997193
80427926
62342518
95215872
13039817
44692552
94555432
17182654
2520
97285644
95648749
59086783
13306675
73664698
28350479
12143714
63965614
5404758
95277721
44901200
2823330
61859233
6
39031983
94317234
31043477
63981598
12009738
71457110
60
78820631
18770296
28195848
62893808
30240
74271247
56755095
82149410
5405400
77450091
38646831
43214096
92112773
2477656
83780118
40889966
29123910
98720911
2520
5045040
8086060
76248302
12
14908534
1
181440
69272327
94966892
330
10896426
14830167
54257391
31210580
17415305
19695416
151200
30962922
62564784
52161311
68001045
19221502
70342822
54253853
37617594
80661781
93144767
48543369
61682956
86378915
1533962
63302611
5450928
55047971
80819174
21729517
59284562
4457400
45165447
26725807
72792141
29439065
20160
35589914
48570918
60
11077172
73929453
72101359
91392140
85906508
64117277
93878203
2
60833340
57591561
93972737
74105893
56437389
99217141
61967268
180
44642104
26376208
60
10234112
50153762
11188939
78452434
96907729
12
14073288
18918365
48756902
40899815
3762101
91488903
56524516
73293166
1108800
24734883
39631958
41904303
99456845
45265671
22534542
54846450
181440
12863544
57705394
33778181
25122205
7926878
39564877
98268177
49921006
74723909
1
47784911
120
18918365
39977152
12852775
33406714
90513187
4194617
83160
57884734
96755269
56320575
22838743
49616161
61589488
89142555
46259815
16214274
66827667
360
29214205
4324949
56734081
74276468
94349111
53462635
39731376
2193024
35216682
15554591
86260855
58366363
20285472
52015787
52568140
840
41668842
1839253
57111461
24935870
91075347
27023790
79283167
23191258
96564234
28550397
99800486
59477941
5995373
77728689
72393526
73650748
24310
31843362
6020971
65180430
35227277
32346424
52471698
74520237
56699537
53100708
21607048
4546032
7141809
69096346
63965016
3360
71596332
57618903
62647743
60864994
18045185
40363217
2055735
74651962
30624899
24
56577165
62923437
50874708
86502317
1680
2520
420
77043
58722589
24
884229
30240
81040435
13537721
34166128
24310
30422108
89916891
21416427
181440
18632061
49468343
98409904
71632469
75568346
80280148
51448732
26596532
18722756
12
76337742
90737540
99915169
71492021
58276642
32435330
77619926
15737767
27680016
83085076
72133476
878711
5368841
90070085
11599100
94467250
1663200
97165075
78746918
44916406
91568348
51620965
71803700
76123688
77965633
84695497
25464835
20160
45852943
5045504
56786492
88360126
35589495
23404251
47567684
30426952
69925582
36879889
51144782
61478286
24905283
24
45807468
32132866
36824993
89270660
19035292
46706777
13511895
37930941
56426391
1260
12
78222849
6
49170985
2520
86946233
6
88099609
91411957
23308537
50886442
2908306
394164
82522910
43520656
46093101
75134670
80510298
3
99088812
65183131
50294798
12
40320
25084312
73531982
15745560
25358266
72504694
22485398
59459186
10080
99397441
96245685
27651010
83585109
63395302
60
48166343
35728555
77359388
32372081
54520445
120
53560609
25812561
30453529
99937669
55170373
27917678
47038299
75600
59284562
46677188
49234778
72193330
360
64561328
78792619
88856518
29511298
4989600
6
88763187
16317145
99330378
1823864
59882790
78452434
2
15990800
88663132
25360346
34891221
53628335
82850981
21261480
30862727
5215086
74654547
88850410
91687223
97696911
12
92997413
10080
95109138
98218844
73268448
720
17941881
36745757
36339520
78913968
69300
40721930
72596823
84669052
10825527
6588089
52632576
6
72896083
36157951
18869566
29680859
2
97480918
40261707
75264435
47107457
29982864
76199211
61294109
1247400
26213954
96357582
55967394
82947402
43407057
1928169
84081467
15247035
40320
36583861
78102744
5979851
10227320
83506903
46155269
66425596
87269718
99693265
33207096
86827101
19093779
9328698
34205683
83136689
22194692
2853485
99886705
907200
94832539
33225602
90957480
62925469
24937604
36042881
19958400
81605029
45712747
15674968
75235188
76572016
73706848
6
54053572
47205777
5765670
12503986
27771435
59875200
64189533
56205193
71902915
41389437
96939233
58498200
1801586
73570120
26578851
86486400
40365610
73892459
67761902
5816690
65029495
75153435
4035969
45849019
31795890
54016155
9749524
70913223
44661082
90720
82546707
10080
75975151
76840656
56760510
23015752
2
99978882
41349882
3432
98002758
49494920
64317720
15554614
29729593
24861256
18918365
60480
62798578
37138234
10401855
89419053
28849471
41777011
27693160
58918889
96121134
39630677
64857096
55631933
17917170
17391868
27443983
59296193
26651443
1287
59505308
89121862
99653641
24
97563053
30380690
21883714
81621433
15982931
30240
13747995
22795244
64678538
32828169
18569117
91473771
9979200
20306378
87250350
80767564
52917181
22621427
43243200
85622713
62142733
40654632
17079710
45741246
13571267
26094231
27627301
32667586
72476193
55643515
21114240
67902175
30671896
32799323
32428548
76533774
73229957
14560471
93907387
84796623
38661230
23783225
2669603
93490973
62780644
98113074
30494070
86306746
52268477
61810134
51526736
73654195
60
99042066
18708608
12171169
17415305
31608600
75583468
26434970
19992871
24321411
10896426
93136264
74813948
78151919
2806324
44602992
71782491
57997488
11662406
66893073
38767333
30757105
28307121
71538923
23583164
31492047
45379616
33584069
73628201
6
59811641
66553554
53110476
19744037
91092526
62142733
13583432
74006058
8852660
91709161
26089419
79863344
34926722
40888287
52993747
181440
40535685
62349360
56684225
29844843
55113622
26302886
49384463
88698215
29014901
12077519
2855288
69653569
56505717
42042228
6720
18061150
1
3493709
71438585
99806052
1844152
2930541
10080
82714141
48570918
58755024
22464586
7023339
30115459
67831220
78039959
16304794
8474998
74253509
9581844
13037895
24140148
93475980
54217467
13428870
23044391
18463967
74944786
30340910
30487199
31529020
21711683
41401777
39916800
33366794
22385916
98559647
2520
64320912
16680182
67902175
6
83088472
3727926
15342858
63829142
12
82836168
1
53310246
25630638
17254348
52209834
16272151
89601391
78489715
2
27023790
82086714
8030247
3419450
48574856
97285644
22426373
41783463
31043477
25812561
61452861
28160196
78444020
79008059
1260
76199211
31250505
88143629
55361819
14702438
62467418
48956976
58019541
1015046
131213
70714576
11115319
19904694
50495344
81751304
30465659
63629470
277200
94880171
9626639
21607048
47242265
12700971
59882833
67609835
70750983
34919532
29385689
12600
31628618
3483061
92453134
6
15763138
53636635
81767870
50635986
47754348
55201673
58140008
93324953
39834579
48984629
2
52269602
23502065
1750320
98564522
28697349
86145034
23260814
71057040
94137151
85614718
34580512
97633670
50434594
25211793
38664452
60563837
60
13009025
21861349
83136689
20674523
79833600
2768090
59154144
302400
90073633
10361514
5414
25568172
46200
91425494
70519732
49724812
13965245
45712747
78214552
91425494
72870149
53424370
93327359
68014439
35
45558901
31864839
8453803
30858046
5587492
44903771
99893122
78791472
80887803
75235188
60219954
62686933
17408522
59279326
8144386
25536311
70423251
80907381
84707552
69661220
85765680
59468436
36129247
62360255
34889652
41000320
35088384
2
1260
91091385
11890422
83080267
92696919
5884057
81710651
38162119
19332625
68544105
4287848
87630895
2420347
15812336
66917634
55271253
93066922
75589323
78063966
34734302
90942191
2
15
8539035
63915750
31609108
10080
20095399
7667574
13051121
28711279
1284551
51411100
19820596
13385173
97078588
51527898
53651065
43170650
84
79767024
98037423
18419151
6715401
78276781
90720
25142381
96472916
78778519
57954343
81767870
98268177
96939105
27428429
61751036
20548607
34010722
72471773
74420030
77235842
3432
6536966
48148741
83776317
73329530
3326400
55389247
14658493
89540678
76778420
55209108
18440018
12852775
49858301
93758484
55086897
48332299
44029251
71435572
27132
58157589
60966629
20
21416427
59593060
2961850
97285644
11425553
1
41356841
85629366
93930614
55259436
57718883
91962037
17428269
88453460
88454782
61310717
720
30130158
81386285
91059194
25898209
12220915
64864800
32389033
75832453
15075631
78243717
9959180
48570918
55247907
90302748
10837452
33316116
26124218
77152705
3603172
831600
82763076
46535831
64625088
90848329
61578575
1801586
41349882
181440
14347966
32109711
75907519
24
27189291
55472581
84081467
28187706
20160
22365161
84986358
88165114
1
82313681
65216252
85176355
3360
30102763
40109654
75582
6
25846765
90727468
44253626
9697687
91807109
6
80811013
360
21013541
86334197
60328854
66923114
32498006
560
22684385
68044872
83299687
91232157
95357691
9948168
35088384
2
74645749
53856918
78944121
65583316
6071857
45914532
8107137
71918266
40705399
3
93473120
69663699
21556974
41632527
41002199
94502546
74913613
2
50400
362880
68141691
11124040
88489525
92398182
66570847
23112699
7679936
63442844
93413554
23400212
74195630
57718279
56
61232912
25651375
27323720
12
75690491
12322124
14371316
64893620
89998085
30885596
52052872
99263832
42826528
74012058
36330729
53550228
73285597
12932224
82709937
5040
39410309
70106985
39808229
40347541
62591214
57811584
81963282
14266867
63395302
74456098
41506078
87592
58314931
35648877
49152838
38798796
79592852
2
10080
4
65090476
41429145
51261276
36699841
5040
68323482
26420095
67137895
40320
72467764
74900033
67079129
32803250
81875158
18953311
24
71822038
33347773
79521690
74362344
47681556
69627435
35610231
72877219
57735156
50806820
67350515
60154695
95477361
120
55815207
97402262
89081991
36975110
81071370
87141509
99224988
62492341
20870061
38781967
70352102
84
43798631
1127626
89042044
94735598
2923560
92687751
27933404
43062699
74720473
2217600
6
5709412
73136620
95987998
28047367
48574856
79840050
30535736
30240
28762624
59484147
38807267
1313880
80532694
59302538
71541083
64821144
9141075
65942442
23852992
61525395
86549337
98449416
27225884
93799912
76904291
8843687
97686954
70389072
40213963
1
53621667
24783189
14320098
22155272
59284562
5040
45228136
55185282
93184467
95215872
31561935
45360
63207822
91934494
42081830
42323772
940731
70265570
73892459
65500233
95361590
56280212
5315734
79054630
21513019
95748932
77998265
60
77668937
50423514
6239808
82024766
6
4474159
58520563
16406869
42842508
55521674
27288169
61539770
82751376
20297268
67125758
90335973
74047575
64200936
95648749
17781017
29252027
42780109
9686180
5040
52300088
31634466
18273955
720720
87732187
389352
4989600
48065539
12916289
40523851
2
50485402
14520608
6588089
43150855
51456859
98023944
60070559
97096298
59364053
24991599
98484507
55453066
89385104
2
38273058
45956690
56531082
43214096
38630171
45724561
97448966
66035213
50117314
89797427
81763290
37491294
46668833
82721801
4365632
1119889
1816449
24229967
96599147
14409487
13240970
12126624
92027184
56794981
69433925
12
23814491
71354250
95206278
120
49507741
54189003
35
63535733
34039248
93022071
3268760
82281787
1814400
27976128
57843148
2520
33547232
65500123
40201463
12378557
42845673
14553972
61146676
6
38390292
89051977
85070082
54260217
34650
16345894
302400
96812533
64954360
37832236
43214096
21022815
22155272
73602892
79824002
6
120
99826824
4537547
97399341
19006828
11057839
81836640
15120
59002696
138600
96913346
95612338
35085430
23266760
94283665
49322897
66884037
98505150
45987797
40535685
1108800
73407666
8223840
23067328
907200
75235188
65297138
51564645
70583549
54877405
26162989
40443505
80632008
25502666
39866077
1
54426426
43690357
38924541
30090243
91332339
48866521
6652800
20864189
86611005
34656080
2522520
3526981
35063985
16828353
31139409
14976091
1512
96536347
3541064
42800624
15075631
12478353
76033019
19958400
98632532
28982107
41472494
8090330
35779488
56426391
89205949
70020916
17374268
45569488
64857096
6720
91849368
57413375
14164256
92360047
37878520
2908345
3264315
22091209
42526748
4989600
95360024
1111886
71570538
39916800
4742996
25705550
41290398
35938261
64471187
12
11231215
54421847
24966785
78452434
82998468
87203559
29371490
44864009
9666248
31378712
88099609
55322644
52487886
88329730
13138776
39540921
72073236
97068789
90339564
27595910
8032242
61800207
97902308
85297105
86827101
52268777
73078863
87078251
37853818
56755951
58537553
36389727
29976005
85223295
6133312
65533745
34405938
42870142
34502724
64864800
76786433
20
82855611
58342967
3601487
1260
48739939
98580947
6526622
38059399
360
38321283
92922114
65512118
17988966
9447336
83859203
70435465
59731562
42403234
91483240
13580151
50400
13339426
90737540
78570478
95874042
19750393
37122274
39500786
35472257
36953981
44838704
3301948
30
11690006
65803494
92008319
60
19750393
47754804
63075844
2520
20160
2917059
15814309
18086739
21080953
82364552
2
90264435
81767459
24776321
1953315
58152035
71321215
69470199
60366159
9058040
15487355
20796101
40320
50979463
24
21838261
90720
85319442
1663200
76694820
22330263
45754431
85354024
41966223
4709478
38493244
19958400
87650051
875160
30601120
84946067
37442160
20962254
21619032
48519636
1953694
33102425
7558869
6
69604661
72856377
96113812
13510183
31362422
48284075
26971511
12
37831952
87895399
47627501
72471773
6496944
120
12
41023414
81508544
35258428
91500618
33732702
38830187
29729593
80793031
70714576
57737924
4709478
10772282
74565419
52133584
73491243
65396694
61287127
23023967
99746990
81475073
62561106
43214096
57632441
97916448
82037398
29846957
10173787
393722
62327367
26994366
2006311
63617352
25267803
88729546
20503926
33295251
3244841
55931586
666168
67864281
17772544
4655745
72346956
271849
39634390
93720269
57649864
84441528
37410786
52168447
90720
45143048
9906810
23421775
41120518
96537714
70793431
49800626
36276812
42659721
10054809
19958400
65874994
420
77728689
75731002
24145530
82281787
60
16472994
20952230
94362909
24287428
88955024
32428548
45644117
27510449
85614718
35271688
58708803
22260481
90634829
5085847
39226800
48139431
97285644
42946996
54192919
32847467
85259813
14353108
42602694
22962097
30679671
2
67185699
17727757
23579702
90720
35366359
93645464
24
77301869
64011842
31436416
56487427
90720
63362395
44238533
84018636
39911652
59273510
94724052
15908679
16775468
63477833
9455839
94702184
54564745
43940520
71383636
2
82394586
75300095
26947418
3467467
16165586
97229079
20475922
97285644
40150256
17687374
81802092
28635433
33809120
71003013
1961256
95133037
8743905
45084764
73422074
53855836
9240
88862148
96601673
1680
34593604
43773892
59836751
48570918
27884529
11224587
75582
30076901
35474390
26925085
181440
59647997
92011011
15888532
74276468
97349483
72874788
2849636
34715365
26869110
33433571
41264788
5543285
88099609
32066387
95153356
50793639
60
15674968
2
63040623
38672627
43214096
70913398
20306378
120
97974214
26603928
89764367
91566107
55850878
16321575
7820740
78036885
120
420
90335973
28404484
84700914
831600
2520
30388489
58414180
5040
13307233
39920025
6
88947212
42660024
34368100
1260
27698315
838162
32691788
56012424
72375822
19068249
24
77558760
63721018
97824378
69300
47449041
2822193
47136115
86142559
52055894
94036328
34959680
56755095
25380644
2778695
45235568
362880
63217123
37325783
52036100
18611243
151200
51284634
88157067
46606538
67864281
362880
84161102
82399216
99618661
24
71137761
18215571
91889534
97036939
82478915
75611051
51040998
90046322
54233293
16364701
3886507
78494637
22496286
12069488
720
120
15527175
8886272
65673690
29862329
71986214
11469697
49001379
79833600
42502041
91244694
77456235
86050683
32608126
89981289
56791107
65993965
44570657
87995436
48795995
62264101
48774015
38051759
22524739
10
78698893
77197647
1814400
82712485
70917229
85159435
37472393
58520563
56511854
9750725
94411554
6654989
53263577
60754190
34988798
88530394
3360
75614148
74441732
58436087
28305286
33337143
82850981
24118566
36583279
90339564
27531345
11709558
25399737
81141371
48422273
78207689
70474670
2557143
25944222
90286096
51570558
46436399
65159422
64157499
32601054
14978507
43906459
84018636
2
51454176
80655362
360
91571461
96929315
9421847
30073850
34940213
62315530
17026954
37210138
99485861
52162478
7390118
93745416
59079757
47609949
50726467
2143924
30253387
1299360
89737319
48900699
12417172
30862727
85032417
14594045
37824572
49180673
35398930
29083450
87246782
76135791
8839322
89471802
37692286
48912189
76799323
2
18637155
21892529
61534290
45730436
62949108
65182511
76988460
98141398
18490937
77576606
77454442
80907515
25749414
73299474
33547232
22114688
32432400
33628261
93220414
78256246
97389691
48574856
2969302
62792653
5450906
39500786
22486242
61944358
59284562
82813437
48830786
21792393
90752866
92818690
51481309
14758412
3
6
93029143
48461562
49883573
93884528
22221219
504
12035039
11973990
73456249
10379808
73142128
33494242
43208341
17415305
13387252
87954428
89897090
65415539
11533056
5775901
72826814
70592740
67095244
11156929
49188819
6
7871599
41074705
44882624
46614055
16214274
12
34827874
63219377
17405989
99149792
24728263
6579072
23441346
86320673
35494124
52319416
7594188
1049704
5058046
5136927
79929741
4989600
70359469
7082128
52958612
98746193
57297026
69405152
42164026
48642822
61273377
47316011
11417568
95288487
4
41429145
22251174
39656830
19767098
30752477
11756226
89771701
40120324
80205394
62884164
34469130
88852624
93692134
65363371
50799474
93472071
33132460
78094711
90179878
1260
45952568
2
37454801
45852943
21815710
4568487
13639623
44679438
34611491
49317327
72178365
34806556
82858290
62000918
360
74582285
59214200
2069220
75308254
24854407
5548673
45987597
76411311
442613
94049808
17952629
59139629
10080
52758883
3632142
720
33088770
9826460
56134029
5244545
10945615
93234148
90720
95598137
32622816
778704
74555895
15990800
35683813
48642822
27147860
99620698
64626070
88140897
83469254
17118576
43070744
21750615
89797427
52336903
9438419
82134278
54053572
47452449
32820033
88627144
7999196
77849082
21963862
42889390
83340661
48790640
81141371
181440
76733034
88862720
38390154
36822725
41914974
48570918
4894534
16310940
25385585
25730179
95145952
120
26768650
1995343
302196
42505776
73914361
16039075
15049498
87353044
26517966
21652214
69456446
64678294
90720
92044802
32341417
30421755
24
33289630
40476814
94550964
43214096
64851104
98781483
48912189
13195581
49173452
85542780
76309389
2494800
1680
14481521
65283555
30
94278391
94904388
57618287
61715905
35589495
44935521
70517320
30045379
66236470
66204850
1
77116650
27277201
75103092
14293536
16325375
2702379
30146646
3829785
66050247
97250427
72290727
37627679
38924541
97153004
1190782
48574856
19131566
32994691
58436087
29930371
30510827
90471136
15496291
65057135
18587965
51307257
67457549
13305600
4745849
79086165
33394253
69505310
46952987
907200
30138928
61751036
88825263
3269361
53607822
83410171
90740422
19612799
10080
64290935
46252277
44425205
19826362
14414400
10080
52055894
82898237
87687656
2520
24285459
99190236
53942618
64821144
45180057
9186223
88099609
8172947
8844390
81219931
19750393
15117738
10320941
50935757
56513736
6071857
19011495
54641095
81401532
6
72569887
23336472
12
39453674
6057617
14814014
11972902
81551242
138600
6249811
43214096
59686789
91990012
42633385
90874595
24
41197997
14916962
453600
63195646
92481408
74658680
1395225
73654195
36085090
97735553
86751957
1260
21966055
88246063
16510526
49824690
61905809
10219796
63269603
58897066
27252430
87382456
30784298
98189882
26922161
24
42264489
24283003
33275608
83368191
10206731
29564293
49069081
79530769
8107137
36879564
12
41846620
22933623
7959058
65149442
11067261
2
6
6
7738649
15479799
15767960
36676696
48977263
70254246
17450070
24472271
4519146
99741712
97824378
78377551
97496005
52053864
89931403
27018588
68235323
2520
99882280
79843593
62830183
5599662
86920204
9979200
32369996
60992922
94482377
13165396
31349936
97595431
13731051
91568348
33782172
93316026
20360965
630
41907069
4886872
1260
1
1120
37203762
81146438
58007611
62037679
36111023
19958400
43243200
80146549
40282737
8333062
10692527
47071597
40681723
24204495
18343179
82858290
30579418
10270153
3
35
8127380
23179363
53035932
1663200
52435968
99135791
3470962
84161102
8170562
17927663
63465041
27513704
6487066
10080
83867288
40237209
3
47981366
113400
8575696
94111577
12
44418286
1
93005748
69986398
33551036
99386739
30240
73329010
10827967
78377551
4263851
23720620
22892087
31115296
11966815
59033809
12406303
99547414
61566078
94378901
22381450
12491304
65766074
84539013
56365451
69956004
72022207
47918474
31824
46227366
89142555
36112562
94723698
86428192
3730667
6
81286360
10497831
33292038
16012328
76731321
7250205
75080188
67969134
30468098
47420181
38165133
34356156
19184100
89356182
53410349
37779811
16858767
4745283
53856918
9762135
6130063
15192117
49805956
77679665
12230646
55617588
57848975
78036122
24
67478662
88761998
88964747
47516116
70582024
78175281
89160471
54104800
44768004
83909612
83702276
93606188
60
92726593
87141345
54309017
90720
10574509
60817960
97496741
71545853
37385052
24
60760598
89778659
25232789
82568666
74276468
54875359
6387483
66700134
97222292
92148568
99414576
58125596
81742287
48338118
91564083
69613112
18625758
1680
1522569
79954304
97715859
34470015
68213113
76314127
29433267
66171783
10352925
46706777
88961183
14968800
63591868
98040512
31038300
43283840
57217840
89982688
46086479
89744921
53024930
19306704
80419346
62059118
11389377
97382318
29570739
17835996
31916135
93728708
86092047
36767529
1087280
43354726
33316635
29401917
81259630
2898765
4989600
75441913
81443860
37263990
46992767
181440
10194627
5099907
43860480
85687493
7006482
85617225
85893985
80108288
32428548
24
96579111
59284562
56834152
1814400
55791172
18025049
70097016
10398089
98752837
58070372
90602051
65669601
72972793
75946801
65055999
12054068
72868361
6435
67874696
25411064
48431319
13796255
10751641
49807401
17880575
98635255
18981132
51718130
9597817
24652458
38880327
7503757
82563929
52651000
82541112
39500786
17778179
45323125
12757669
59597542
2
46933553
2702379
88452149
12326120
35383549
74193885
35813610
56756700
60
68577290
86147829
69661220
24
91568348
19494096
72480857
54457564
65928644
15355896
46099712
17225
74816581
2
97420721
31679034
7648084
63958849
45563540
75642644
34891221
60854453
37029308
94895485
97608429
52409297
36274426
6
7
73560306
7863544
29724179
10588782
15982931
51828234
91206353
57466151
35779488
2
96799469
40175745
83779179
70607488
63497789
36431142
1571583
64011229
33275608
18857719
63270440
2634317
2520
95964806
32822099
4989600
25715803
12216579
65514783
27973847
35494124
10291034
94506859
63313084
30742745
68090260
48576502
24475942
17924003
29731747
39916800
10255665
34552156
6446111
60
97189454
97807271
76249239
65365035
94751215
65653831
94571281
37506827
32807757
9456143
120
95880067
78626051
40535685
4989600
41512869
1959371
52587309
3360
13595914
43391650
20
99063156
66067297
60532577
77963020
96056390
59315825
34077649
27812895
64236333
120
2133635
71388090
64049525
55219052
74685443
67735943
453600
43115947
52013327
90525568
40838903
55931586
8669714
19941212
65512118
36172093
97285644
85423947
302400
83728778
96328133
50197011
84139555
24599502
77112557
1083867
33773052
57649864
31581433
2740415
60838685
12600
6262719
34856538
40735221
90823929
17733061
26269560
25007112
70452659
62383465
54052408
13543346
92340161
88709552
65831158
66570205
80877371
15560795
83685798
13158144
78083841
40539852
3241923
76293173
48480242
9941483
960960
25090324
59255008
41902204
81470442
53650626
1081080
77554699
63535733
80867383
720
56470138
39409857
41562958
11034203
6407386
4324949
6602830
4550365
44743626
50141170
88725049
94482377
87557236
94814939
26538359
49659831
5200300
80362253
65072286
67874696
3691856
74074667
11550
33016537
32940985
49333190
82236388
6
85906299
11391510
24219366
79364660
21327985
53695004
61711573
19958400
31653972
32630342
120
18680735
36130012
75783000
89488591
31749442
843976
92272467
73749399
47784911
91856377
23532831
30724887
81277180
17247178
29461382
46129337
116726
47216334
14891044
93857363
92996097
93964337
14010432
38586167
26843641
2520
88405422
64770247
10335161
41525316
25182038
97141836
61066276
45360
48238290
39769691
19195077
22659896
53666101
23096538
64561328
81159638
5809423
12658938
31991795
93133572
55109231
71246748
76998147
6518043
93286051
6735351
38597940
88070367
22442111
45398385
3551588
25748073
6004869
65270624
5874269
16558429
16783830
52277868
39500786
11778206
90720
33021052
44331566
51483925
46870921
19711583
16773616
88085009
30058169
61177151
73270073
61224977
17719772
77437683
89835010
33372120
27023790
60038470
17678644
16459615
48734557
66393743
99052037
18042016
3
6
48570918
51916291
24269658
1
72057742
85258512
181440
89087518
4516548
80037650
720
79928087
38720358
33276471
84079201
65412109
554400
86055638
86812826
65840718
97492774
57656744
7185658
42614227
168
76615657
62142733
81568976
15437822
6
10342262
72476960
3253339
94720584
69467375
72641339
3577410
27675216
21379108
92012004
2
40451279
98223566
69260586
69604248
39564877
92013986
24
66738268
25898209
66212795
36428748
23392669
40535685
77116650
47059853
86572406
41106007
22140595
51827149
26843836
76888858
53147681
10464410
985410
91444053
1681680
12143714
50282914
2
88347076
46063724
44934140
93315414
25459815
39799771
21410601
56876884
65746050
64377381
45303596
60871538
74725645
88651697
94348833
8705295
26629169
66497349
17346242
2337883
29454826
19122374
29937600
90167079
8543546
9536159
55449728
18382437
17684804
44202711
14541739
1814400
61404672
86271384
12874771
38099592
84018636
91568348
22645378
72467764
85665708
10
84256046
75668777
30
47627501
17840990
120
22000702
9172671
37112094
6458038
84521434
82594975
76199211
28742632
12
38496283
5218292
80994230
7185658
3034069
60117831
85791522
83419194
16214274
53310246
39795290
31831062
60
62176037
81587638
85253101
88798124
53856918
38029690
67876722
78452434
21250987
29596482
33345335
1663200
7586988
11928021
83248678
4989600
95060693
5045504
33575276
38945981
81621433
60366159
50018863
88405422
36445137
77954949
40148228
47608533
48928462
84039589
50973072
42447597
74790617
80279632
35994778
92288403
35994778
94931736
33040081
20578253
69111356
57884734
47840960
86701730
72856377
47419337
29706691
43557491
86946233
48570918
85289562
35577174
70217273
75513887
52375857
76402368
415800
47024904
65383576
11247836
62048458
48883660
89151617
59459186
96500692
89380366
22855525
74856272
21293792
10194627
10080
72
97653818
20994080
12599557
54532735
90512719
34619151
29422760
23546821
62057949
94900612
16285477
64200936
78452434
120
58938596
42237081
95920693
86145367
58022092
1260
1836154
77537914
690522
31998566
61683262
46495319
56553558
72856377
61292449
80186219
2317078
60971193
9886208
1663200
60
18770296
90581847
56428810
2520
71531353
98930407
74825197
91297491
45322508
89611934
98012114
12789602
840
73892459
65182511
95386762
45827667
60647015
89262661
35296370
98614087
53243737
11052934
76199211
1814400
50982873
56504516
60838685
82528870
51339956
76547406
74453264
2051143
54233293
23023967
31711053
10320941
38624313
12756791
62047457
8992877
65431367
12878225
1749324
77116650
37584783
53863471
26027947
11705565
48642822
48771816
1441440
8466579
2
20108741
6983350
58144636
8095153
78319499
34695096
60480
56705379
85042625
72104147
14908534
63273677
21110626
720
73516546
44681184
66178663
13998256
68361391
35818901
13010661
54908144
13412577
54925261
70506195
23918657
61138340
81218201
79933376
98142213
80786028
78271818
20360965
3360
11630547
60533420
80115403
46774790
3420114
59914028
80072766
64622917
53919672
61104575
88378965
77441879
95947524
28353743
11992723
30683795
21759345
332640
21651054
19828049
34564899
54294216
83436012
97000088
59323796
61716766
74856272
24
53994890
63257236
69518224
22789513
76199211
47726037
89475033
36143185
47110024
8467314
64525119
17450070
37567335
45512942
831600
20521510
48231700
98694294
95658072
99729382
77022499
6659582
60
22044805
7837601
78863451
44428259
94257502
82894303
15059906
3
24119145
360
1081080
32860847
87743089
42080869
26175105
71229980
69822116
16036550
81563388
86560404
8634087
19955826
87442492
400400
86302298
2100578
89871042
1144066
97822903
97189454
40042851
4994114
5189366
41588396
151200
5509040
84646056
90
2
5040
57149388
86584067
26154888
75866153
25200
53100708
97024251
83783593
43126925
26541431
24
30240
78377551
16214274
56381734
24
41429145
3
31287837
44398521
14493528
44321443
720
29642281
24083229
93646036
50721845
181440
13352137
7837484
31024229
53350329
9040362
71435572
31208811
51951326
46309518
2
52537753
817190
76009137
23216047
72613427
71875810
10080
68676309
68449630
22735173
14702688
38585769
92656777
6719334
10803231
64298813
85489080
5422647
44870855
51975552
50799474
2
51616971
69279166
90720
70858949
72345095
48868943
49394102
48118910
74633999
71725222
78178868
48431319
44350064
20031796
74993537
98708627
48990133
93960755
21694295
15099627
95948421
48231700
77351107
66035213
64567208
29470014
82850981
35081922
66425596
26790330
39542638
68736200
1995840
1687369
76589047
48456673
80123913
24619213
36305645
60
15735259
98720048
94378901
27239789
87756818
3194964
2520
82376255
11360746
25097509
79940619
50934516
91412669
25459955
57241655
17536069
72357435
54302789
82567792
46173876
31636289
61363351
4570436
60
92148568
120
29729593
17542749
17258471
79688192
18569117
95648749
58661053
54053572
52570664
41846620
19750393
24
75554253
35916174
59629959
27504419
181440
47024904
86587375
25225200
44086113
98892207
8817922
22951964
50605631
67929423
18801652
80712014
15681211
65552366
35797006
7185658
69390987
99063156
74493557
86201303
10720624
1
360
40913795
54913964
38053160
51043702
86827101
1663200
34845645
94185619
18378360
2661724
15016181
1814400
93785907
72972793
25753202
26018050
16072601
45709701
63040623
35783732
30789301
27026786
37776455
94512790
34703954
79594847
72865391
49531578
97824378
52929976
27825282
67521411
57705394
2264082
31266238
12
51527898
900900
74543790
73892459
360
78620535
40327681
30117040
95539424
64067713
65143906
6720
32132318
47704327
10226849
26557980
77882731
97276776
45888262
78832468
7368491
60209710
24511686
58612332
71741503
42601678
43758
453600
43170650
6
3
35218151
48990944
37784048
79848557
8772096
91392140
30240
40484887
44492563
2616193
86227896
86289527
21997491
27265776
56426391
23729875
5040
36420506
32666699
66735154
36017767
831600
12638583
75642644
85704731
14620160
6633629
15342858
23294266
25047467
36723217
33704110
10036766
21840821
15120
5404758
8369089
822294
23435617
67273158
93572019
49938057
61322389
2
56796609
18703487
83796232
34989742
30
69945519
1706708
29905102
75318332
89188779
76281956
69536907
8828278
18484275
7774759
90254351
88013866
302400
44313572
15211876
75235188
74705389
51512900
98463612
91117802
35021707
1708551
93475980
41925142
48833403
60103030
2520
45802576
6685500
82295376
58394058
24613467
69279166
59021907
73921907
6838900
64840433
49111783
1296442
87756399
94812986
66829609
27562339
72471773
2494800
77478448
37800
72290252
80753577
26996003
61900687
86889479
72432054
58639449
9815468
28569136
32347028
49355182
25039250
37617594
28256868
73004044
16333793
95159908
1108800
16442490
47263443
58402205
26259204
38914101
180
44902340
7800580
20954440
5963248
73654195
69926291
9647414
26539199
20962571
45088260
23943790
54940831
24
24531199
17023328
76199211
46227142
11842256
46722186
47692640
33521576
50715774
41002951
50272661
15319919
78212293
99977816
44340708
76738426
9666248
82455723
13443099
42561040
50294892
16289589
38983221
36664863
95523520
74297367
98268177
16214274
89121862
46269990
94631263
38558325
11401379
13053235
1106301
21589052
44214852
1989972
15817610
15970361
33653884
93979054
83627014
16963984
44275135
26221011
5642881
75588690
39633519
49037682
27538299
95644192
86134230
54195018
39092257
33788447
5040
58243079
3
62699872
77116650
12521119
6652800
84113343
38558355
69068749
88757795
68787319
49041837
32343559
1663200
26630550
30
70206397
31913042
23319042
37581319
62596412
66587146
31781012
120
71586142
19287446
61750630
44344795
95600119
56074361
39142152
62605900
2
70521997
52628247
63729007
78525315
76280891
720
62887713
51735229
53357094
27619430
19942387
22249117
85327826
18672022
90581847
59875200
6
24558406
87055577
6684947
18480
46618330
37241992
95299271
81471408
69580267
27026786
44175445
30757240
94594500
45511365
7442881
5206443
84400834
80314609
4072193
71457110
77929632
89880341
88099609
33184162
1663200
69602073
6144003
48642822
554400
24286697
61541735
3360
18569117
69787275
88811883
88543265
54466781
38562937
15236567
32753183
63322756
53539916
41765241
76104493
23318668
56128017
39552963
68081343
29252133
362880
10961602
49804054
69997331
94049808
9057438
79191188
19127950
22228521
10596529
47412168
28368429
62134966
53085005
58152035
17512984
2
69300
8498636
90637734
25018599
6
18569117
89445949
10
21257308
46415519
79261354
49773846
83622983
75235188
45635812
46702402
72856377
94036328
66832631
37617594
35294599
89455102
60
666258
60061623
40709200
13893475
33879960
17404340
33026828
85242635
21545773
32613926
69602073
542640
5117056
20369279
30061064
5457312
4417038
73207763
82612451
1
44418286
15463612
9979200
91383196
20160
12
54518030
23549569
37720055
65514783
73218091
25366951
40103655
26351080
1
360
73535058
18982829
87756818
23428335
44693710
11028452
5040
21985640
11875645
2520
99882280
64904557
87770539
58341285
55485998
77354646
3
88099609
33254851
97633093
64320634
98460099
10080
110880
64703538
83083963
45030271
40822359
32920359
92169627
80451056
5117056
58431163
67637831
97761260
78144366
79078609
2456775
39630677
8626798
44273466
15651638
60
39916800
81881377
78919429
15927376
38020841
70493160
831600
14720242
70411183
61229323
92861615
19649097
24507897
32409693
51796418
69300
7880300
63962723
87645865
5733359
6071857
77303214
34326695
89871042
51351193
48552929
35455514
25399737
30009090
9268312
58019541
5642881
77820523
1260
68024069
92149671
23025290
39682330
37352515
29932255
18910661
42
89237906
1226955
9946520
59043104
26409135
61082895
2520
948392
22590862
85335776
6976125
88099609
95326364
80864813
6871547
53815354
68601317
88884432
68379353
36347118
10810800
46680055
4547193
8562163
75852275
78173055
54233293
76199211
93324953
9652558
38007811
76678417
8591596
2272363
20160
94898717
77673137
36304734
14401741
80234971
41012383
67898469
69661220
13787652
85293744
878620
2
181440
69613112
35851766
80584812
24
87238549
95865504
49574896
2099408
48552929
20592843
7204306
69453996
12886410
44899891
91324248
13675493
27922718
26752015
56077578
308880
27619430
9152586
72473556
3482120
94348833
73526089
47705984
97868448
2364984
87143775
41429145
92962090
78892257
44431434
32840738
95569822
98820106
78884360
32705133
6
83938322
22756712
45242854
14702438
58163463
12143714
4266370
11256305
15120
70820869
85176230
58162691
453600
30459567
55320054
98614974
66547054
2720414
37287724
43620215
6
18857719
26874167
54053572
31356892
4823829
4989600
5703562
73892459
89009187
75813169
630630
72471773
80742250
55047762
10778487
24767052
28597538
88483168
48574856
88405422
91368651
40535685
57844352
72416515
99307275
69315089
1763580
58517639
30
83382810
5769607
20724970
14908534
82165227
92454014
4989600
80531579
6
15264051
85935133
1
37179372
10
22039112
16933158
67651899
88280404
65071581
93106700
4735219
90509997
39500786
19423236
68591582
86023721
91295942
54070082
75440110
42572606
3384239
7861726
805609
92400
99768240
95648749
96554504
25932730
1
72258826
16060494
3
55086897
78248096
26579658
2576472
53182300
6
89964047
92573501
82106807
813655
98331797
53972630
34944377
69462274
28890320
6
33182381
74276468
32590215
39372316
91425494
66192054
17530024
95769229
54400820
360
38245220
15819168
47705984
62958424
89535194
94238567
31362422
10992395
21885901
2
46606538
45724561
82742894
80331472
69617558
25705550
89188779
10825527
23546514
64384137
51225297
60242147
2520
47435220
57324714
2520
26021322
7586588
19493497
21196973
19958400
92044802
40596794
2024673
88162606
5404758
75444902
39500786
80414312
49459134
96711491
72826559
84742841
12905606
25241070
8648640
23402482
40320
65912813
38962479
47792128
4357669
24
65514180
31281534
16773616
72730319
36348697
31809949
38521621
26212934
60
44425205
24
7908399
12852775
96939105
86751478
27150635
33101046
42019450
52297169
83932144
24942385
18911945
40825119
20167295
5364126
21996585
50594324
75982735
23502065
65899643
98097834
1
99403567
68037265
72443118
77247776
24539524
34611109
77116650
83449789
6312726
44363549
38182667
74829919
6
64200936
10752124
15313733
140
24938671
66577042
27199786
27926393
75873692
93413554
65254927
85812108
52549957
76210230
91523874
22904511
47256395
49576462
30144565
38251457
10080
15292325
35956123
47811223
6720242
41580
6411519
29422692
12863544
13905050
54504860
61797946
20857571
28427207
98476713
19141165
73204048
56167675
40226358
6652800
59552849
24707108
16179950
40905311
27755355
7560
70627461
32410572
65752762
85319442
2
66204850
63587230
38718389
35116695
70892859
72460150
16319408
97322199
66850985
5040
53511673
21607048
360
33872513
2754231
38919748
86486400
94378901
79413762
43939658
26515910
39465824
40305171
97980985
61700803
10080
62170141
720
30958815
120
89609027
82261784
90913795
24
66906109
10904725
64729286
11190153
54047580
37697630
1081080
10090080
65754024
23830173
76621872
57877935
5381912
89142555
7828903
2
25399737
75841160
31433139
95937644
49644040
56227755
74276468
13897432
21970877
33654642
89655596
4989600
37560669
96964312
53720150
81443860
3465608
64054362
62394999
16644998
10901028
2162160
23070235
69661220
47406493
90051686
12335343
35817986
43243200
73101710
36730577
77532808
46560807
181440
15688804
11926496
95444579
64851104
60150764
71560208
120
39372029
35485710
45563540
12
63366201
85504622
140
26768430
43835341
24
43963896
77656085
7887176
53284754
31994895
3679493
330227
31374024
43201820
97824378
20
22545425
360
69462274
85149914
57195076
85824157
88294046
99731119
91434140
58146461
12
92262149
58866534
30
93146584
79135219
81071370
86428192
88405422
19002194
58212086
55621353
64692848
34757260
19958400
48594727
6974879
91786825
76378629
49538783
37476545
32132695
18480
64471187
20922547
6
48883660
61857092
66697130
8867417
3124550
96275705
93769728
8725035
20347574
85474977
77522813
69774056
95880814
41389437
31543778
64782150
59404402
96912518
82351807
51512900
10295569
5040
83189020
56110814
14126267
18590202
620100
11349719
69283927
83948053
48353732
4200
92765032
91983402
62382898
43991168
62504370
2002
14664390
37929708
6817089
84789025
53408548
52724110
81995814
86486400
13697927
18589240
69346273
40853178
78226290
30875518
37639323
28280182
99948348
21
74456098
57178042
28808778
54135002
70485251
70835406
95603205
23037142
35728555
13266585
47329389
966694
10080
6
46067604
87699044
13712684
55934346
60
14046678
1
74818933
12335343
31117052
2173819
71512301
9088592
30240
77821396
12
8137022
53351863
58172323
45405088
90720
2
48774015
96508228
31466662
52055894
58152035
33021052
61740332
37434283
43117945
87487340
49798623
86486400
40179498
78775613
61389995
35958836
85565274
44262393
907200
99048244
45360
72629138
86000385
5250960
40721930
76564622
22854276
50344972
978359
58198194
2002
1191281
52301556
27120318
25705550
79001766
2
12
4382512
5040
56108293
59751461
66639998
31433139
66788506
25593160
657800
86091919
82689515
35706697
91256460
46736560
12587800
64966873
78544598
29402153
68181580
88504044
3058548
4620
18215571
85121227
92861049
362880
56580657
15267672
60
77501219
96599147
83523905
18313351
36981874
98041367
15674968
67622936
56548753
77894419
19958400
59687683
74242580
22986125
15335602
8271339
181440
6981180
54311798
41630362
78063966
94571281
99477703
53219702
23561909
32158860
36048131
79113995
32428548
720
64271201
7711665
6
14590076
1
52571556
332640
57558623
73564379
12578375
76274982
18233863
62021419
72467764
15869511
35958836
41660355
8223562
57637948
68332386
71584382
10148634
46689757
56329448
8839322
97319962
77513648
302400
43671776
24783189
14414070
75600
94993475
63116252
74320612
88678006
88031201
53627613
82149410
77053905
47775265
30267506
38697022
41950145
41502903
30388809
8466579
360
69734181
82024766
45266867
12
12335343
12
67847026
120
71053330
87469131
33210443
40388944
831600
29507617
77330603
96875761
46345842
39161811
19750393
60256897
8817922
82995707
77700813
29957014
60
67399590
41946145
88230954
49470643
50692353
80986555
24
32797864
36670270
42782679
82235597
10581508
28189002
18974412
89771701
72542945
95503513
40400311
56144489
38885622
79955798
33275608
83600658
32380788
35
60285533
2768090
76553454
16648248
21418383
30200414
37639323
44902340
19958400
77937973
32467106
12301273
70325165
1814400
60
31349936
86289527
52375857
25215310
94675744
21085618
120
87293095
46371459
74114103
210
78452434
604800
49410053
36664863
70933606
66238294
40179498
6
39084835
78377551
2333851
69043273
73892459
907200
51812197
42712977
38676187
73869301
88182504
4989600
24998984
98119558
82594975
46695877
31704114
39226800
96787177
53770346
99870113
24
50540324
69471764
72862284
40914419
53443702
9946966
12626453
45331766
11969942
907200
62497792
86258742
46519174
6
2
67805119
5807893
23368995
44954869
180
10937955
6
37613946
86150624
10394558
21334921
98129503
10346589
67856798
37622828
7380427
78068707
77668575
72984742
11420113
33702333
14968800
40320
83390029
90
50558604
5938984
1070802
15651638
42357973
33209213
18631995
59375278
55803463
30521247
76199211
10
72362149
68719762
73654195
39678144
6
55075821
91889593
29218487
3207815
24310
60467884
59040097
40838826
92573270
20160
12870
29703195
41980873
85842009
34891221
669913
59506937
75422865
32523472
90403163
61811528
37639323
92724367
79143235
99149791
1697321
11188705
52162478
50401996
69428098
88982007
5191360
98587283
16308333
36333079
93473120
63055921
35739580
24
34435323
31724387
57034307
7675426
78795784
62142733
277200
1
76308894
30215496
59144461
57297026
44202711
45880978
22905355
1458394
6
24
69853444
49037682
34517205
62154011
42027082
3
18480
90126838
52482666
23270545
87747906
46961314
9867998
3465608
12660530
19149211
26248662
38928349
53835718
43214096
41284333
80900839
13264194
11639628
71801159
85614718
17035246
87246782
13676089
41346060
52245915
36717214
93143998
720
81696282
72471773
30208504
64298813
1260
60847504
66081737
99047524
2
307517
86235890
72467764
71801526
41143516
27917235
22371813
28918383
20141500
3031306
54291349
2
18808797
560
25200
56501962
1167269
78133361
17383860
2522520
74523892
58436087
74929154
8991857
17560199
12936989
2993786
11360746
49053137
85256625
20540789
57077655
98724042
10384783
26877570
40535685
43848227
47517523
45924550
59459186
91078156
38296696
40287328
656065
32417969
90720
96912518
9881655
62054775
85797401
82751821
40395269
30160234
17449819
24902027
78102465
46628543
63923401
82286652
83318201
37060227
4
21527826
13061561
34918884
32676070
92383894
99150202
40594536
96447125
907200
24307624
71151862
30462126
70773923
13510183
513415
87240769
42452143
83057663
35680534
65667104
70515284
138600
78210466
44943539
85437405
71936133
93904971
68813843
46260128
5005
22598059
25705550
78243717
32129263
77181264
98223566
76755840
41359978
2
28187677
26067945
61165073
59484147
4888130
72930894
43301703
85764992
47610603
41754422
1814400
30767145
76822588
9744776
40798862
80121077
35694045
75529613
97416273
46302104
69491246
32428548
50407748
68560129
28097821
79816154
98640180
73661310
38813217
74242822
94480595
120
17415305
88629069
48570918
49183526
66231418
47275482
36732067
24
3491690
65426773
76611431
45703687
77595809
66423737
63683198

