81790391
53002710
25718708
66445304
44494161
66666824
92128269
81334894
71941174
74430364
21098887
75545601
68110386
20246947
2195047
92361005
17814159
47279966
21925816
86950492
31697486
45876325
30222887
85440433
85134155
61339251
61874092
45329374
69430372
71757403
76741882
53142487
80954942
23420427
377507
45340197
57751815
99159305
81366613
32061947
3305742
50461340
4113028
71864654
76192978
37893632
41716999
13019590
566736
89240201
85956485
91130751
1666734
98963358
95515276
88096978
57152211
22467229
76624691
62510492
8329074
97497939
54683708
75576103
88234398
50277265
93835668
53402580
45739774
79117704
72083576
45753064
31763316
29168969
33738404
84960849
2315551
23590756
71907267
64253184
54084203
5462270
37910144
64517298
56081112
63897123
52629876
33279332
51692199
77864544
17822199
47930611
32236774
34222647
71786022
62419730
30335556
64692301
77688176
30159526

