0
0
0
0
0
0
0
0
0
1
0
0
0
0
0
0
0
0
1
0
0
0
0
0
0
0
0
1
0
0
0
0
0
0
0
0
3
1
0
0
0
0
0
0
0
3
1
0
0
0
0
0
0
0
6
4
1
0
0
0
0
0
0
6
4
1
0
0
0
0
0
0
10
10
5
1
0
0
0
0
0
15
20
15
6
1
0
0
0
0
21
35
35
21
7
1
0
0
0
21
35
35
21
7
1
0
0
0
28
56
70
56
28
8
1
0
0
28
56
70
56
28
8
1
0
0
36
84
126
126
84
36
9
1
0
45
120
210
252
210
120
45
10
1
55
165
330
462
462
330
165
55
11
55
165
330
462
462
330
165
55
11
66
220
495
792
924
792
495
220
66
66
220
495
792
924
792
495
220
66
78
286
715
1287
1716
1716
1287
715
286
91
364
1001
2002
3003
3432
3003
2002
1001
105
455
1365
3003
5005
6435
6435
5005
3003
105
455
1365
3003
5005
6435
6435
5005
3003
120
560
1820
4368
8008
11440
12870
11440
8008
136
680
2380
6188
12376
19448
24310
24310
19448
153
816
3060
8568
18564
31824
43758
48620
43758
171
969
3876
11628
27132
50388
75582
92378
92378
190
1140
4845
15504
38760
77520
125970
167960
184756
190
1140
4845
15504
38760
77520
125970
167960
184756
210
1330
5985
20349
54264
116280
203490
293930
352716
210
1330
5985
20349
54264
116280
203490
293930
352716
231
1540
7315
26334
74613
170544
319770
497420
646646
253
1771
8855
33649
100947
245157
490314
817190
1144066
276
2024
10626
42504
134596
346104
735471
1307504
1961256
300
2300
12650
53130
177100
480700
1081575
2042975
3268760
325
2600
14950
65780
230230
657800
1562275
3124550
5311735
325
2600
14950
65780
230230
657800
1562275
3124550
5311735
351
2925
17550
80730
296010
888030
2220075
4686825
8436285
378
3276
20475
98280
376740
1184040
3108105
6906900
13123110
406
3654
23751
118755
475020
1560780
4292145
10015005
20030010
406
3654
23751
118755
475020
1560780
4292145
10015005
20030010
435
4060
27405
142506
593775
2035800
5852925
14307150
30045015
435
4060
27405
142506
593775
2035800
5852925
14307150
30045015
465
4495
31465
169911
736281
2629575
7888725
20160075
44352165
496
4960
35960
201376
906192
3365856
10518300
28048800
64512240
528
5456
40920
237336
1107568
4272048
13884156
38567100
92561040
528
5456
40920
237336
1107568
4272048
13884156
38567100
92561040
561
5984
46376
278256
1344904
5379616
18156204
52451256
131128140
595
6545
52360
324632
1623160
6724520
23535820
70607460
183579396
1
0
0
0
0
0
0
0
0
0
0
0
0
0
0
0
0
0
0
0
0
0
0
0
0
0
0
0
0
0
0
0
0
2
0
0
0
0
0
0
0
5
1
0
0
0
0
0
0
8
2
0
0
0
0
0
0
24
16
6
1
0
0
0
0
30
20
7
1
0
0
0
0
40
30
12
2
0
0
0
0
70
70
42
14
2
0
0
0
91
105
77
35
9
1
0
0
140
196
182
112
44
10
1
0
221
400
518
490
338
166
55
11
249
456
588
546
366
174
56
11
285
540
714
672
450
210
65
12
385
825
1254
1386
1122
660
275
77
529
1331
2464
3465
3762
3168
2057
1012
584
1496
2794
3927
4224
3498
2222
1067
780
2315
5160
8932
12232
13365
11660
8074
846
2535
5655
9724
13156
14157
12155
8294
924
2821
6370
11011
14872
15873
13442
9009
1135
3745
9191
17381
25883
30745
29315
22451
1271
4425
11571
23569
38259
50193
53625
46761
1529
5696
15996
35140
61828
88452
103818
100386
1820
7225
21692
51136
96968
150280
192270
204204
1956
7905
24072
57324
109344
169728
216580
228514
2299
9861
31977
81396
166668
279072
386308
445094
2680
12160
41838
113373
248064
445740
665380
831402
2911
13700
49153
139707
322677
616284
985150
1328822
3101
14840
53998
155211
361437
693804
1111120
1496782
3630
18635
73479
231364
596980
1285065
2336905
3621476
4140
22265
92114
304843
828344
1882045
3621970
5958381
4371
23805
99429
331177
902957
2052589
3941740
6455801
4949
28176
123234
430606
1234134
2955546
5994329
10397541
5225
30200
133860
473110
1368730
3301650
6729800
11705045
5525
32500
146510
526240
1545830
3782350
7811375
13748020
6254
38701
184535
705250
2218580
5854420
13139555
25341745
6985
44955
223236
889785
2923830
8073000
18993975
38481300
7336
47880
240786
970515
3219840
8961030
21214050
43168125
8149
55216
288666
1211301
4190355
12180870
30175080
64382175
8614
59711
320131
1381212
4926636
14810445
38063805
84542250
9516
68325
379842
1701343
6307848
19737081
52874250
122606055
10605
79765
467138
2216935
8760320
29388745
84914610
213624411
11040
83825
494543
2359441
9354095
31424545
90767535
227931561
12100
94865
578368
2853984
11713536
40778640
122192080
318699096
13226
106965
673233
3432352
14567520
52492176
162970720
440891176
14595
123171
813093
4370191
19652985
75407904
250482232
728306436
15123
128627
854013
4607527
20760553
79679952
264366388
766873536
16425
143750
982640
5461540
25368080
100440505
344046340
1031239924
1
0
0
0
0
0
0
0
0
0
0
0
0
0
0
0
0
0
0
0
0
0
0
0
0
0
0
0
0
0
0
0
0
0
0
0
0
0
2
0
0
0
0
0
0
7
1
0
0
0
0
0
21
7
1
0
0
0
0
55
28
8
1
0
0
0
100
68
30
8
1
0
0
140
98
42
10
1
0
0
315
329
245
129
46
10
1
406
434
322
164
55
11
1
610
770
700
458
211
65
12
786
1050
1008
696
339
111
22
1035
1506
1596
1242
705
285
78
1540
2541
3102
2838
1947
990
363
2046
3751
5181
5478
4455
2772
1298
2861
5797
8932
10659
9933
7227
4070
3680
8163
13937
18667
19800
16665
11077
4355
10023
17732
24596
27027
23595
16302
5881
14938
29575
46696
59631
62062
52767
6805
17759
35945
57707
74503
77935
66209
8301
23199
50701
88647
125775
146003
139139
9572
27624
62272
112216
164034
196196
192764
12070
37196
89896
174488
276250
360230
388960
13890
44421
111588
225624
373218
510510
581230
15846
52326
135660
282948
482562
680238
797810
19475
68172
187986
418608
765510
1162800
1478048
22555
82802
240654
567834
1106598
1802340
2472888
27490
107128
332311
842137
1775379
3154095
4765542
33585
139259
461594
1254780
2847340
5461455
8933211
37215
157894
535073
1486144
3444320
6746520
11270116
41355
180159
627187
1790987
4272664
8628565
14892086
45726
203964
726616
2122164
5175621
10681154
18833826
50675
232140
849850
2552770
6409755
13636700
24828155
56251
265265
1001260
3106610
8074495
17826380
33778030
62452
303290
1180270
3779360
10146565
23154560
45371755
72360
365742
1483560
4959630
13925925
33301125
68526315
83840
442162
1876707
6585696
19479330
49262850
107680365
96136
526002
2318869
8462403
26065026
68742180
156943215
112071
644763
3004372
11651156
38346265
108671265
268121646
120685
704474
3324503
13032368
43272901
123481710
306185451
132125
791770
3840095
15484840
52924565
155522070
397203807
149870
930440
4684225
19649567
70032565
215171155
576261697
160910
1014265
5178768
22009008
79386660
246595700
667029232
173010
1109130
5757136
24862992
91100196
287374340
789221312
196986
1315035
7130872
32273241
124311396
413493872
1201040192
220017
1512021
8445907
39404113
156584637
537805268
1614534064
235140
1640648
9299920
44011640
177345190
617485220
1878900452
1
0
0
0
0
0
0
0
0
1
0
0
0
0
0
0
0
0
0
0
0
0
0
0
0
0
0
0
0
0
0
0
0
0
0
0
0
0
0
0
0
0
7
1
0
0
0
0
13
2
0
0
0
0
49
15
2
0
0
0
124
58
16
2
0
0
154
70
18
2
0
0
385
273
137
47
10
1
686
532
284
100
21
2
1232
1162
788
376
120
23
1842
1932
1488
834
331
88
2793
3312
2958
1992
1000
364
3828
4818
4554
3234
1705
649
5753
8184
8910
7458
4774
2299
7799
11935
14091
12936
9229
5071
11166
18942
25102
26235
21670
14080
14391
25740
36036
39897
35035
24310
21126
41951
66144
83941
86372
72215
26327
54509
89531
118261
126555
109967
38703
89461
166167
251745
313963
323895
47973
116536
228496
367524
490126
545480
52700
128656
252008
402220
528190
573716
64770
165852
341904
576708
804440
933946
78660
210273
453492
802332
1177658
1444456
94506
262599
589152
1085280
1660220
2124694
125306
375250
913938
1842069
3109844
4434144
160258
509411
1322837
2856954
5197070
8034302
192389
638694
1735480
3928915
7504430
12201971
223674
765303
2143944
5006595
9871070
16581851
278439
1003927
2975027
7380769
15535465
28015196
302244
1103356
3306204
8283726
17588054
31956936
374646
1443625
4588570
12262680
27943850
54873170
466641
1907452
6472466
18592795
45875180
98290270
504666
2086462
7145216
20664865
51203360
109883995
603078
2591128
9231678
27810081
71868225
161087355
679498
2984275
10857744
33363486
87829950
200241405
763338
3426437
12734451
39949182
107309280
249504255
882099
4111940
15923204
52230421
147238365
360682686
1029106
4947663
19756888
66808721
194089170
489764847
1168762
5787887
23832520
83184905
249665350
651390663
1307432
6632017
27997247
100292905
309314435
830448553
1450162
7503552
32304480
117994680
370999320
1015359368
1684887
9019759
40243929
152623944
499289472
1424966708
1890792
10393495
47654178
185835144
625409004
1836785588
2087778
11708530
54785050
218108385
749720400
2250279460
2216405
12562543
59392577
238868938
829400352
2514645848
3
1
0
0
0
0
0
0
0
4
1
0
0
0
0
0
0
1
0
0
0
0
0
0
1
0
0
0
0
0
0
0
0
0
0
0
0
0
0
0
1
0
0
0
0
9
1
0
0
0
16
2
0
0
0
65
17
2
0
0
154
54
11
1
0
483
257
92
20
2
742
404
145
31
3
1624
1118
541
175
34
2394
1818
999
386
99
4236
3750
2487
1220
430
6534
6270
4521
2420
935
11187
12342
10461
6776
3300
19943
25531
25806
20669
13079
31318
44550
50545
45980
33528
38116
55484
64207
59345
43758
49959
77584
96811
97812
80223
66885
108979
142571
150865
129415
108025
197991
295503
362583
367653
155296
306016
493494
658086
730236
203269
422552
721990
1025610
1220362
266799
587061
1067022
1621630
2078012
311220
698649
1292646
1994848
2588522
439699
1069852
2166855
3703195
5393454
552350
1394638
2923644
5152819
7702904
686511
1803537
3938529
7240045
11303062
868924
2393280
5491190
10628980
17513706
1061313
3031974
7226670
14557895
25018136
1299937
3863057
9600844
20222290
36451481
1578376
4866984
12575871
27603059
51986946
1918645
6149350
16554825
37958855
74903180
2382472
8033246
22884940
55890185
118320280
2992654
10511072
31183165
79252160
174396235
3327409
11861253
35698806
92028300
205439520
3720556
13487319
41252211
107990025
244593570
4534005
17006499
53833338
145876380
342065295
5735100
22647724
75766241
217845825
544262082
6570823
26481408
90344541
264696630
673344243
8112671
34127992
121792925
374068970
999720799
9392698
40617503
149196397
472326075
1303182309
10264233
44924736
166898172
534010960
1488093124
11780440
52864185
201527436
662301112
1897700464
13656118
63035115
247358892
837324136
2472530984
15546910
73428610
295013070
1023159280
3097939988
18658997
91616691
383877451
1393322347
4431980631
3
1
0
0
0
0
0
0
0
10
5
1
0
0
0
0
0
6
1
0
0
0
0
0
7
1
0
0
0
0
0
0
0
0
0
0
0
0
0
0
0
0
0
1
0
0
0
3
0
0
0
25
3
0
0
90
20
2
0
293
101
21
2
524
190
41
4
1238
586
185
35
2610
1494
606
165
7182
5490
3222
1431
9702
7524
4422
1936
15774
13464
8778
4301
27247
27093
21384
13365
50985
56980
50985
36531
87308
107965
107965
87516
127972
172393
190190
172601
186499
268541
318825
314171
275511
421473
530543
552409
383536
619464
826046
914992
538832
925480
1319540
1573078
757605
1386792
2119050
2724658
943806
1782960
2812038
3732588
1315009
2657169
4520385
6537520
1740742
3659115
6460323
9664160
2284237
5020104
9283020
14571822
3051080
7053465
13753530
22825441
3689774
8788945
17682445
30329871
4751087
11820919
24909115
44887766
6427764
16868016
37618064
72016956
8185150
22407750
52266005
104948195
11399102
33403240
83938985
182832520
13140647
39071890
99412235
218748400
15227109
46217106
120077100
269951760
18866935
59408415
160441281
375721710
22386115
71989542
198327636
473193435
28027340
93922445
270297081
675390222
33205928
113880361
335304090
856923639
40852512
145328745
444676430
1183300195
48965183
179456737
566469355
1557369165
57544992
215801664
697022600
1960826880
65484441
250430928
825312752
2370434220
78416052
308882640
1049239268
3108276380
92072170
371917755
1296598160
3945600516
114098631
479425696
1743665912
5553080039
6
4
1
0
0
0
0
0
0
20
15
6
1
0
0
0
0
16
6
1
0
0
0
0
27
8
1
0
0
0
1
0
0
0
0
2
0
0
0
0
0
0
0
0
0
0
0
0
4
0
0
21
2
0
110
22
2
235
51
5
1081
405
101
1989
826
231
5655
3277
1442
8811
5137
2222
26334
20218
12309
51403
45694
32813
69850
62425
44539
132275
132275
106964
216151
238810
216359
344123
411203
406549
497055
622921
644787
745434
994006
1099748
1051450
1487500
1757834
1706562
2616470
3371304
2273274
3629228
4876654
3147483
5337575
7681586
4740690
8503298
12932920
6582379
12407570
19883557
9273540
18440355
31261726
11897050
24589345
43452981
16113064
34924120
64917776
19976121
44524964
85140066
26699895
62281010
124978205
37695385
93953990
202862530
46960615
119572310
263100565
56735406
148125900
334464000
73292571
199008381
468282750
85873698
236894736
565754475
112078649
322748337
806518362
144140701
429447370
1111110495
183936765
569080050
1531630331
218064757
690872975
1905699301
264705156
860034240
2433560636
345979173
1175656317
3491533628
426912825
1495131078
4579719353
516926268
1860520155
5862935299
597455881
2189557722
7024523012
6
4
1
0
0
0
0
0
0
36
35
21
7
1
0
0
0
40
22
7
1
0
0
0
77
35
9
1
0
0
9
1
0
0
0
18
2
0
0
0
0
0
0
0
0
0
0
0
3
0
77
13
61
6
415
102
1046
297
5279
2443
10142
5225
22220
13310
50699
35816
86735
63987
143715
114972
287430
260117
459823
450307
790881
829543
1086384
1192126
1984920
2404480
3113890
4017950
4936732
6837910
7380550
10950346
9810802
14894176
14450545
23152317
21564905
36573461
29276170
51889266
39610945
73354061
54539969
105170076
72296015
145008215
108261140
232907545
147621110
327612805
186693000
427025040
237575481
560843790
331038016
819941331
447151957
1154848498
553850990
1459440631
693483670
1879960467
853884615
2378433057
1071949372
3069306032
1387571449
4127279024
1707046210
5215464749
2133959035
6710595827
2635449532
8495965985
10
10
5
1
0
0
0
0
0
57
70
56
28
8
1
0
0
86
62
29
8
1
0
0
183
112
44
10
1
0
36
9
1
0
0
88
20
2
0
1
0
0
3
0
0
0
0
13
7
388
583
2729
5511
16313
43824
71995
158730
279565
542685
1014299
2336192
2757196
4370666
7484556
12911602
18162936
26421077
39842221
60325551
103399076
125200086
189360380
297419785
392125045
519586080
691971930
951069471
1338427894
1643020027
2228290603
2851166813
3705051428
4763024420
6336564157
7831695235
9617065393
15
20
15
6
1
0
0
0
0
85
126
126
84
36
9
1
0
162
147
91
37
9
1
0
379
294
156
54
11
1
120
45
10
1
0
312
108
22
2
11
1
0
31
3
2
21
35
35
21
7
1
0
0
0
124
211
252
210
120
45
10
1
250
274
217
121
45
10
1
715
672
450
210
65
12
324
164
55
11
1
900
420
130
24
57
11
1
175
34
23
21
35
35
21
7
1
0
0
0
169
331
462
462
330
165
55
11
415
524
491
338
166
55
11
1260
1387
1122
660
275
77
644
404
183
57
11
2244
1320
550
154
194
58
11
715
209
143
28
56
70
56
28
8
1
0
0
230
500
793
924
792
495
220
66
600
869
959
801
496
220
66
2101
2647
2509
1782
935
352
1274
964
551
231
67
5016
3564
1870
704
641
251
69
2365
924
638
28
56
70
56
28
8
1
0
0
306
730
1293
1717
1716
1287
715
286
876
1434
1807
1753
1296
716
286
3316
4727
5149
4290
2717
1287
2500
2210
1507
781
298
10296
8580
5434
2574
1725
847
310
6722
3289
2290
36
84
126
126
84
36
9
1
0
384
1016
2008
3004
3432
3003
2002
1001
1197
2184
3115
3476
3013
2003
1001
5067
8037
9875
9439
7007
4004
4305
4416
3561
2234
1068
19734
18876
14014
8008
4341
2554
1155
17018
10010
7021
45
120
210
252
210
120
45
10
1
475
1380
3009
5006
6435
6435
5005
3003
1645
3311
5243
6563
6481
5015
3004
7448
13048
17884
19306
16445
11011
6811
7797
7185
5300
3082
35750
38610
32890
22022
8967
6235
3434
39335
27028
19064
55
165
330
462
462
330
165
55
11
595
1855
4389
8015
11441
12870
11440
8008
2276
4956
8554
11806
13044
11496
8019
10703
20475
30925
37189
35751
27456
11320
14398
14862
12440
8372
61776
74360
71500
54912
17556
13915
8954
84427
66363
47115
55
165
330
462
462
330
165
55
11
736
2450
6244
12404
19456
24311
24310
19448
3001
7106
13384
20276
24814
24531
19514
15029
31157
51393
68113
72940
63207
17194
24002
27544
26015
20097
102544
136136
145860
126412
35596
31471
22869
170245
150735
107690
66
220
495
792
924
792
495
220
66
872
3130
8624
18592
31832
43759
48620
43758
3985
10107
20490
33660
45090
49345
44045
20504
45934
82340
119386
141008
136137
27210
41196
51546
53559
46112
164424
238680
281996
272272
64416
63569
52118
325995
320960
230450
66
220
495
792
924
792
495
220
66
1053
4002
11754
27216
50424
75591
92379
92378
5087
13882
30345
53940
78630
94390
93380
27650
66382
128246
201718
260393
277145
40574
66690
91026
103818
98956
255817
403104
520676
554268
105612
115115
105677
597048
646945
466026
78
286
715
1287
1716
1716
1287
715
286
1224
4971
15630
38844
77556
125979
167961
184756
6176
17968
42225
81282
129138
170017
185768
36701
93976
194600
329956
462110
537538
56492
100543
149565
187122
197054
387608
658921
923780
1074944
186888
220727
220792
1051872
1243928
900770
91
364
1001
2002
3003
3432
3003
2002
1001
1414
6111
20475
54348
116316
203499
293931
352716
7845
24144
60193
123507
210420
299155
355785
48096
130677
288576
524556
792066
999648
76286
146024
235236
320814
370734
573656
1046521
1582700
1998724
297155
381875
418639
1791525
2295745
1664312
105
455
1365
3003
5005
6435
6435
5005
3003
1660
7525
26586
74823
170664
319815
497430
646647
9395
30624
81334
178695
327492
503140
649935
61522
177486
417537
811416
1315335
1790999
107373
219307
377828
553047
689546
831438
1620177
2629221
3581424
481646
666160
789074
2961255
4087160
2977249
105
455
1365
3003
5005
6435
6435
5005
3003
1891
9065
33901
101157
245277
490359
817200
1144067
11390
39304
110671
258313
504471
829345
1152360
78617
239008
595023
1228953
2126751
3106334
151088
326680
597135
930875
1242593
1182559
2451579
4249389
6210644
726342
1079738
1382304
4765167
7047700
5156811
120
560
1820
4368
8008
11440
12870
11440
8008
2189
10956
42966
135058
346434
735636
1307559
1961267
13447
48874
145607
360976
751344
1320946
1970265
98428
315623
831028
1820544
3352701
5231083
209244
477768
923815
1528010
2173468
1653729
3634137
6700968
10460033
1124431
1781770
2437732
7462389
11787622
8652644
136
680
2380
6188
12376
19448
24310
24310
19448
2520
13145
53922
178024
481492
1082070
2043195
3268826
16395
62321
194481
506583
1112320
2072290
3291211
121704
411257
1142724
2647348
5169747
8581562
279372
674636
1382135
2427515
3677168
2277128
5287746
10335060
17160991
1631151
2755037
4034746
11469964
19250011
14143338
153
816
3060
8568
18564
31824
43758
48620
43758
2820
15445
66572
231154
658592
1562770
3124770
5311801
19150
76336
250614
688688
1599455
3160300
5339191
150305
532169
1553057
3789280
7816600
13751089
360382
915248
1979251
3683680
5936723
3091816
7564754
15622761
27496041
2461507
4386188
6789783
17286412
30717973
22568403
171
969
3876
11628
27132
50388
75582
92378
92378
3211
18265
82017
297726
889746
2221362
4687540
8436571
22430
93666
322582
931294
2276703
4746885
8488051
183300
679471
2080221
5335902
11599445
21562684
450234
1202802
2746395
5415683
9277853
4144296
10656414
23187461
43118791
3495279
6595755
10840051
25590500
47999380
35372909
190
1140
4845
15504
38760
77520
125970
167960
184756
3640
21476
100282
379743
1187472
3111108
6908902
13124111
26731
116096
416248
1253876
3207997
7023588
13234936
222040
859768
2754687
7409688
16928912
33157124
591858
1653036
3949197
8162078
14693536
5490006
14800674
33843866
66306251
4732149
9397230
16324686
37267295
73579870
54442830
190
1140
4845
15504
38760
77520
125970
167960
184756
4018
24752
120757
478023
1564212
4295148
10017007
20031011
30976
140447
526156
1657748
4442425
10207275
20234214
268632
1081808
3614455
10164375
24338600
50086036
743604
2170281
5431689
11791505
22358194
7193988
20290644
48644531
100150116
6797010
14129379
25721916
53264705
110541795
82227938
210
1330
5985
20349
54264
116280
203490
293930
352716
4424
28406
144508
596778
2039232
5855928
14309152
30046016
36450
171423
666603
2183904
6100173
14649700
30441489
322973
1350440
4696263
13778830
34502975
74424636
924546
2812938
7356813
16732880
33332509
9331662
27483840
68934680
148794427
9285123
20190918
38543791
75154235
163512570
121579471
210
1330
5985
20349
54264
116280
203490
293930
352716
4950
32830
172914
741286
2636010
7895160
20165080
44355168
42656
207873
838026
2850507
8284077
20749873
45091189
384223
1669045
6038695
18463653
48268935
108916171
1160684
3683220
10053471
23886203
49771459
11992698
36815382
96418475
217729097
12647655
28740570
57427205
104925445
238642495
177789471
231
1540
7315
26334
74613
170544
319770
497420
646646
5520
37780
205744
914200
3377296
10531170
28060240
64520248
48120
243214
1019565
3613920
10964040
28714180
65343642
454708
2048900
7699732
24490908
66719718
157173666
1435952
4742957
13491534
33449360
72840472
15277644
48806244
133232525
314146847
16796242
39917283
83552767
144437138
343021900
256844326
253
1771
8855
33649
100947
245157
490314
817190
1144066
6016
42740
241704
1115576
4283488
13897026
38578540
92569048
54620
286489
1247275
4594725
14500440
39552250
93889862
537284
2503608
9748632
32190640
91210626
223893384
1777237
6104296
18063947
46621124
105792412
19305374
64082172
182037482
447378657
22473506
55631950
121427075
196971434
487318040
367068064
276
2024
10626
42504
134596
346104
735471
1307504
1961256
6664
48756
284444
1357280
5399064
18180514
52475566
131147588
61216
332254
1500115
5741053
18850008
53562376
132624922
624580
3019200
12201104
41842304
123250986
314911740
2172467
7746937
23822139
63949600
151106032
24212496
83387546
246119654
629416139
29022554
74803806
170329225
265933856
684197096
513650104
300
2300
12650
53130
177100
480700
1081575
2042975
3268760
7225
54740
330820
1635536
6743968
23560130
70631770
183598844
68971
387485
1812020
7186904
24474781
72208894
185893368
730541
3643780
15220304
54043408
165093290
438162726
2607606
9623394
30681046
85551664
210368807
30149548
107596610
329504197
875533791
37974530
101606285
240446206
354848684
948655488
716305370
325
2600
14950
65780
230230
657800
1562275
3124550
5311735
7820
61285
383180
1960168
8367128
30284650
94167590
254206304
76846
445830
2157001
8864328
31315581
95948204
256794758
850851
4374321
18864084
69263712
219136698
603256016
3108602
11854260
39120400
113124605
289013571
37296171
137746158
437100807
1205037988
49500990
137360740
337365666
470152935
1303336212
986697734
325
2600
14950
65780
230230
657800
1562275
3124550
5311735
8586
69105
444465
2343348
10327296
38651778
124452240
348373894
86010
515361
2576497
10946716
40009365
126944015
352245542
975801
5187210
23136660
87906864
288005058
821802916
3801064
14962862
50974660
152245005
402138176
45841323
175032462
574837527
1642131788
63553590
182569585
464711401
617851860
1773489147
1345496933
351
2925
17550
80730
296010
888030
2220075
4686825
8436285
9405
77691
513570
2787813
12670644
48979074
163104018
472826134
97620
601371
3091858
13523213
50956081
166953380
479189557
1126852
6163011
28323870
111043524
375911922
1109807974
4421496
17992896
63488712
196707445
539681351
56012253
220863918
749860551
2216962308
80567202
239906965
633467186
804936121
2390346167
1816467433
378
3276
20475
98280
376740
1184040
3108105
6906900
13123110
10108
86127
587385
3289755
15431325
61599330
212007510
635837774
110427
698991
3693229
16615071
64479294
217909461
646142937
1287763
7256214
34385934
139122237
486465132
1484902706
5122923
21524607
78557778
252123157
717394821
68063866
276872739
970721466
2966820857
102256713
314621242
859067001
1039050397
3190098043
2428042617
406
3654
23751
118755
475020
1560780
4292145
10015005
20030010
11020
96235
673512
3877140
18721080
77030655
273606840
847845284
124515
809418
4392220
20308300
81094365
282388755
864052398
1470259
8523628
41587884
173391891
625383879
1971073908
6162702
26647530
100082385
330680935
969517978
82268875
344925165
1247581335
3937530883
126493380
402067510
1135624438
1334808673
4229148440
3228984044
406
3654
23751
118755
475020
1560780
4292145
10015005
20030010
11800
106115
764902
4535148
22559460
95674215
350511525
1121284164
139971
933933
5201638
24700520
101402665
363483120
1146441153
1673545
9973538
50057248
214863495
798572280
2596163857
7377567
32810232
126729915
430763320
1300198913
98946419
427187605
1592500065
5185107213
158094807
518042590
1509643148
1702691983
5562649609
4256077904
435
4060
27405
142506
593775
2035800
5852925
14307150
30045015
12810
117915
871017
5300050
27094608
118233675
446185740
1471795689
153231
1050153
6016816
29427138
124542405
460593640
1499909268
1905380
11647083
60030786
264920743
1013435775
3394736137
8589602
39281607
156174291
546974935
1702913433
118443143
526127589
2019681235
6777602273
200517930
676137397
2027685738
2154883300
7255326587
5549594219
435
4060
27405
142506
593775
2035800
5852925
14307150
30045015
13881
130725
988932
6171067
32394658
145328283
564419415
1917981429
168365
1185834
6986239
35147944
153081513
582915970
1955816083
2148035
13486683
71447639
324293729
1276794243
4405047362
10191399
47871209
195455898
703149226
2249888368
141146187
644564297
2545802389
8797278503
248522969
862771171
2665256035
2713793444
9406123937
7223909849
465
4495
31465
169911
736281
2629575
7888725
20160075
44352165
14784
143066
1112342
7133665
38491112
177552397
709427928
2481903424
187691
1354199
8172073
42134183
188229457
735997483
2538732053
2422146
15601069
84833375
395496211
1600597658
5681024415
11839500
57156416
239961251
888086824
2924988794
167484331
785704049
3190360251
11343075887
303847787
1086891684
3461411306
3392662988
12100923406
9302483840
496
4960
35960
201376
906192
3365856
10518300
28048800
64512240
15961
157850
1255408
8246007
45624777
216043509
886980325
3191331352
205430
1521415
9427992
49929516
229179600
921118835
3267822636
2715747
17942485
100138434
479441556
1993873794
7276935248
13405140
66466564
287027291
1093993955
3714419358
197897560
953110860
3975938330
14533268178
370258075
1360479131
4454159710
4225532675
15488899569
11931422074
528
5456
40920
237336
1107568
4272048
13884156
38567100
92561040
17204
173811
1413258
9501415
53870784
261668286
1103023834
4078311677
222896
1690885
10748031
58451316
275743260
1139780135
4160892671
3056103
20658232
118080919
579579990
2473315350
9270809042
15477539
78764136
349221807
1367137090
4769846213
232921318
1150919460
4928910350
18509027108
459004711
1730737206
5814638841
5236213190
19709745419
15202803760
528
5456
40920
237336
1107568
4272048
13884156
38567100
92561040
18515
191015
1587069
10914673
63372199
315539070
1364692120
5181335511
246690
1913781
12438916
69199347
334194576
1415523395
5300672806
3418128
23661205
138562051
697180209
3051813765
11742081417
17699957
92293883
419638263
1686098557
6042840023
273138110
1383763258
6079703840
23437769498
555896935
2151133897
7420972427
6453256865
24932144809
19239653071
561
5984
46376
278256
1344904
5379616
18156204
52451256
131128140
19596
207230
1765434
12448612
74109772
378430569
1679149615
6543984656
272421
2160471
14352697
81638263
403393923
1749717971
6716196201
3803723
26960578
161748236
834181480
3744701829
14783880177
20167400
107669056
501636674
2067128800
7604534960
319195040
1656881920
7463442788
29517449028
667071834
2645507084
9360191192
7919861708
31378494774
24187882136
595
6545
52360
324632
1623160
6724520
23535820
70607460
183579396
21024
226826
1972664
14214046
86558384
452540341
2057580184
8223134271
295701
2401427
16343257
95254679
482402611
2145223169
8445754097
4210179
30579766
188003564
993711136
4573028889
18515442451
23400762
127836456
609305730
2568765474
9671663760
371772336
1976076960
9120324708
36980891816
787345251
3202151678
11630771504
9676885394
39291449582
30253204960

