362648 26 11
186308 47 4
44304 78 71
620130 30 7
738480 34 80
631176 91 24
315172 22 58
621072 57 18
566528 4 16
196413 47 1
2760 30 46
933470 34 38
629376 6 48
655994 19 61
109740 62 93
445480 5 86
294216 78 82
912340 11 10
468270 30 99
703690 65 13
914850 95 38
568106 62 98
47880 84 5
533088 96 54
799596 21 76
822848 26 46
393949 53 53
355124 77 14
909720 56 45
80150 50 7
144130 70 71
174669 33 67
878101 47 17
104044 19 74
437920 80 23
178500 35 85
13440 80 3
135960 88 6
797286 82 7
489489 33 77
963418 62 82
488704 23 83
625248 16 39
261970 67 46
985950 18 35
561120 40 84
165490 95 65
897408 6 76
681072 28 6
744372 69 62
689040 45 87
271656 72 49
698544 81 77
386512 29 56
959310 38 55
686070 27 77
938868 42 84
628749 29 73
184690 22 23
809784 69 6
863225 73 55
43456 56 97
56800 71 16
493476 82 59
114048 33 64
113778 49 54
64400 35 23
133860 30 97
103086 23 54
95700 100 22
831336 94 33
503862 6 79
122496 24 58
676284 28 83
85215 19 15
989576 14 82
707817 33 89
884340 4 51
458325 75 35
665340 52 30
69160 95 28
706992 44 26
191100 7 52
401500 22 100
836792 74 88
846235 65 47
708000 100 96
568400 29 98
264717 67 9
758500 25 37
663585 41 15
560700 21 100
294300 27 50
441000 3 72
762780 6 60
418752 18 32
47196 76 46
674652 38 3
647010 91 10
796290 30 38
208260 60 89
480935 49 65
247632 21 77
705772 68 97
750214 46 94
122859 11 9
757316 28 68
562020 95 68
648225 67 43
618723 61 69
985320 85 56
167552 44 64
110466 19 51
992772 99 23
873864 36 53
479610 73 90
966440 40 37
388284 19 4
924084 38 42
745773 51 21
520632 84 63
68172 46 12
696938 79 22
469050 59 75
235200 7 80
457184 91 32
681453 27 81
787528 8 49
104328 92 28
361452 78 21
620568 26 72
158884 11 23
271754 59 7
108303 1 13
797016 44 1
738990 21 15
893328 74 48
743274 34 42
763508 86 92
480636 36 78
190638 1 89
279552 64 91
555984 99 8
447174 39 98
583830 26 9
499950 99 30
475000 50 4
897512 7 4
529776 36 1
761976 38 24
637075 17 25
480038 74 13
988494 57 39
483938 1 91
60720 66 40
382656 24 32
498375 25 45
618802 94 29
864087 69 7
538384 7 23
578542 46 1
89250 34 50
206451 87 21
960792 86 98
631974 82 21
555016 88 14
147732 4 78
725760 90 28
354445 41 65
434280 88 77
980463 37 73
571824 48 66
288640 80 22
209888 28 28
218416 16 88
86400 100 3
937440 90 40
332640 27 56
877610 95 62
559416 24 52
147420 78 90
878220 17 84
709650 38 50
379008 94 7
425707 83 23
70560 56 36
266315 35 49
11466 98 39
939114 34 99
92340 57 15
840096 2 24
689388 4 21
7280 52 28
431650 97 50
904468 94 68
568230 94 93
804168 73 51
622251 83 63
399096 46 9
56925 55 99
296310 1 85
104960 80 41
486214 58 83
654840 85 36
147630 10 6
480150 75 66
894292 19 82
370968 82 29
186000 24 100
20880 40 58
698328 61 36
773718 19 33
377271 27 89
391608 27 74
361080 59 72
273930 30 69
280896 33 48
771568 83 28
834108 71 33
934431 71 41
469224 24 3
98670 39 69
7410 65 38
211464 72 27
602946 82 86
885654 21 71
746480 14 16
123057 9 33
532896 26 28
995400 79 18
366288 8 78
145425 7 7
699516 54 51
617610 21 85
624650 62 26
873540 92 18
278256 8 68
836808 68 84
628144 43 83
996240 12 70
580125 17 75
533390 22 13
815982 82 31
306702 11 99
151256 74 28
134640 99 68
277212 13 12
636728 19 59
481068 83 36
876900 30 74
760782 66 3
453915 55 63
215865 65 81
219186 82 99
183222 78 87
372880 59 80
215376 7 84
278424 27 8
780384 6 88
911512 41 56
46930 65 95
529092 92 81
903030 5 31
652750 1 50
960944 76 58
145080 26 93
456125 89 41
73360 35 16
931392 77 63
344960 35 11
811614 51 73
344162 91 62
773344 13 44
299640 88 4
665520 48 5
504716 58 76
387660 20 30
131008 64 23
178794 63 43
663696 22 72
741258 63 37
751660 35 26
956088 72 84
733740 15 14
570024 91 58
619157 17 77
275424 19 32
763456 64 79
895115 47 65
339570 45 77
481740 74 62
262392 87 12
819720 88 92
454212 62 74
697284 18 7
928872 42 97
786513 39 67
72128 1 92
643770 30 46
990297 21 33
939488 4 88
882336 96 13
542493 79 63
794682 51 98
159618 74 1
465426 51 81
155230 43 95
987936 41 12
878850 70 93
770868 92 57
95948 83 68
616170 30 38
973133 53 61
578480 56 80
151575 43 25
983616 47 96
243040 32 70
543168 18 82
473892 69 34
970862 29 38
529737 39 17
692820 20 36
847470 78 53
155750 70 25
447412 76 28
310050 50 53
879750 85 75
218064 59 77
772800 96 56
925728 1 16
178524 76 87
68112 86 3
938952 9 2
889120 8 4
12400 2 50
508200 22 42
942616 29 68
294408 47 72
495726 37 87
514206 98 22
760914 22 63
50895 87 65
226600 100 22
343710 95 67
492560 20 47
730000 25 16
956956 52 77
8820 98 45
374868 26 27
137514 86 39
80190 5 27
228378 17 3
473508 18 14
936244 97 76
199304 7 14
996375 5 75
660473 11 97
749496 51 44
424410 43 42
461988 12 82
134640 66 68
483600 52 93
728037 41 9
469901 41 73
861498 33 19
326688 82 83
110495 55 41
422688 96 37
534435 55 41
711370 29 55
651840 56 97
404404 44 13
368060 70 44
484380 18 92
167040 87 40
791028 43 84
407000 11 100
276556 98 83
930900 30 87
266800 100 23
423780 20 70
819456 97 64
320720 38 80
924140 92 70
238160 52 65
29568 16 4
73710 91 90
120384 72 99
884884 17 7
946341 99 79
853600 97 100
80800 25 40
720720 55 78
62814 57 87
350370 34 85
926496 36 18
7938 42 27
731280 10 33
123760 5 35
561744 94 83
182250 90 5
937170 39 89
282600 90 15
845460 61 99
775350 15 45
254826 26 27
380240 56 97
390432 28 24
794976 49 16
405444 39 23
433704 17 6
862224 92 66
991872 82 84
839868 68 23
92276 23 59
44968 88 11
676746 42 41
982350 37 45
846916 58 98
355940 37 52
675360 67 72
399308 91 26
905168 11 74
511875 45 91
887700 100 6
215550 25 6
28908 66 73
359310 30 58
59160 58 85
307188 92 63
574101 27 99
369460 20 29
509220 60 23
716283 37 81
302316 42 61
629090 2 77
659430 90 17
379236 68 2
885360 85 16
109200 25 21
510777 1 87
38106 73 58
671814 6 81
314370 42 10
914242 98 19
730732 4 83
527800 52 29
405900 99 100
623392 56 92
970125 39 75
261800 100 55
270396 87 37
824400 60 60
291249 9 21
332200 100 10
21896 46 56
479136 96 93
418572 84 77
707850 26 90
824756 94 82
910728 63 52
516516 86 78
510048 32 69
529201 31 43
937560 65 6
894795 55 87
135744 32 42
485716 76 77
912288 51 32
365796 3 54
134640 99 34
592952 94 76
184782 46 78
490050 22 45
313600 56 10
914710 46 1
303875 11 85
245520 80 93
72036 92 87
294686 97 98
614720 40 4
191624 34 8
652470 10 39
413688 22 12
317955 11 47
808772 92 59
996480 40 90
701337 91 49
625464 84 73
124960 71 32
105534 99 82
108108 91 99
140160 48 73
22876 43 76
907725 39 95
672600 100 57
241488 26 86
810920 95 88
418880 34 80
538356 91 34
0 0 0
