2536 27896 32968 362648
991 1982 3964 46577 93154 186308
16 48 208 624 1136 3408 14768 44304
2953 5906 8859 14765 17718 20671 29530 41342 44295 62013 88590 103355 124026 206710 310065 620130
543 1086 2172 2715 4344 5430 8688 9231 10860 18462 21720 36924 43440 46155 73848 92310 147696 184620 369240 738480
289 578 867 1156 1734 2023 2312 3468 3757 4046 6069 6936 7514 8092 11271 12138 15028 16184 22542 24276 26299 30056 45084 48552 52598 78897 90168 105196 157794 210392 315588 631176
988 10868 28652 315172
3632 10896 32688 69008 207024 621072
566528
4179 196413
8 24 40 120 184 552 920 2760
24565 49130 466735 933470
209792 629376
566 10754 34526 655994
1180 3540 36580 109740
2072 10360 89096 445480
184 552 2392 7176 7544 22632 98072 294216
182468 912340
5203 10406 15609 26015 31218 46827 52030 78045 93654 156090 234135 468270
10826 54130 140738 703690
24075 48150 457425 914850
187 374 1309 2618 5797 9163 11594 18326 40579 81158 284053 568106
1368 6840 9576 47880
617 1234 1851 2468 3702 4936 5553 7404 9872 11106 14808 16659 19744 22212 29616 33318 44424 59232 66636 88848 133272 177696 266544 533088
1503 3006 6012 10521 21042 28557 42084 57114 114228 199899 399798 799596
2752 35776 63296 822848
7433 393949
4612 32284 50732 355124
361 722 1083 1444 1805 2166 2527 2888 3249 3610 4332 5054 5415 6498 7220 7581 8664 10108 10830 12635 12996 14440 15162 16245 20216 21660 22743 25270 25992 30324 32490 37905 43320 45486 50540 60648 64980 75810 90972 101080 113715 129960 151620 181944 227430 303240 454860 909720
229 458 1145 1603 2290 3206 5725 8015 11450 16030 40075 80150
29 58 145 203 290 406 1015 2030 2059 4118 10295 14413 20590 28826 72065 144130
79 237 869 2607 5293 15879 58223 174669
1099 18683 51653 878101
5476 104044
3808 19040 87584 437920
1500 10500 25500 178500
896 2688 4480 13440
515 1030 1545 2060 3090 4120 5665 6180 11330 12360 16995 22660 33990 45320 67980 135960
1389 2778 9723 19446 56949 113898 398643 797286
2119 6357 14833 23309 44499 69927 163163 489489
379 758 11749 15539 23498 31078 481709 963418
256 5888 21248 488704
48096 625248
85 170 1955 3910 5695 11390 130985 261970
7825 15650 23475 46950 54775 70425 109550 140850 164325 328650 492975 985950
5344 16032 26720 37408 80160 112224 187040 561120
134 670 1742 2546 8710 12730 33098 165490
47232 897408
32432 97296 227024 681072
1044 24012 32364 744372
4752 23760 137808 689040
3773 7546 11319 15092 22638 30184 33957 45276 67914 90552 135828 271656
784 2352 7056 8624 21168 25872 63504 77616 232848 698544
13328 386512
459 918 2295 4590 5049 8721 10098 17442 25245 43605 50490 87210 95931 191862 479655 959310
98010 686070
11177 22354 33531 44708 67062 78239 134124 156478 234717 312956 469434 938868
297 8613 21681 628749
365 730 4015 8030 8395 16790 92345 184690
35208 809784
1075 11825 78475 863225
64 448 6208 43456
800 56800
204 8364 12036 493476
10368 114048
43 86 129 258 301 387 602 774 903 1161 1806 2107 2322 2709 4214 5418 6321 8127 12642 16254 18963 37926 56889 113778
400 2800 9200 64400
92 276 460 1380 8924 26772 44620 133860
83 166 249 498 747 1494 1909 2241 3818 4482 5727 11454 17181 34362 51543 103086
87 174 348 435 870 957 1740 1914 2175 3828 4350 4785 8700 9570 19140 23925 47850 95700
536 1608 5896 17688 25192 75576 277112 831336
1063 2126 3189 6378 83977 167954 251931 503862
1408 4224 40832 122496
291 582 1164 2037 4074 8148 24153 48306 96612 169071 338142 676284
299 897 1495 4485 5681 17043 28405 85215
3448 24136 141368 989576
241 723 2651 7953 21449 64347 235939 707817
221085 442170 884340
2619 13095 18333 65475 91665 458325
853 1706 2559 3412 4265 5118 8530 10236 11089 12795 17060 22178 25590 33267 44356 51180 55445 66534 110890 133068 166335 221780 332670 665340
104 520 728 1976 3640 9880 13832 69160
4944 54384 64272 706992
3675 7350 14700 47775 95550 191100
9125 18250 36500 100375 200750 401500
257 514 1028 2056 2827 5654 9509 11308 19018 22616 38036 76072 104599 209198 418396 836792
277 1385 3601 13019 18005 65095 169247 846235
7375 14750 22125 29500 44250 59000 88500 118000 177000 236000 354000 708000
400 2800 11600 19600 81200 568400
439 1317 3951 29413 88239 264717
20500 758500
1079 3237 5395 16185 44239 132717 221195 663585
801 1602 3204 4005 5607 8010 11214 16020 20025 22428 28035 40050 56070 80100 112140 140175 280350 560700
436 1308 2180 3924 6540 10900 11772 19620 32700 58860 98100 294300
6125 12250 18375 24500 36750 49000 55125 73500 110250 147000 220500 441000
12713 25426 38139 50852 63565 76278 127130 152556 190695 254260 381390 762780
46528 139584 418752
27 54 108 513 621 1026 1242 2052 2484 11799 23598 47196
11836 35508 224884 674652
711 1422 3555 4977 7110 9243 9954 18486 24885 46215 49770 64701 92430 129402 323505 647010
1397 2794 4191 6985 8382 13970 20955 26543 41910 53086 79629 132715 159258 265430 398145 796290
117 234 468 585 1170 2340 10413 20826 41652 52065 104130 208260
151 755 1057 1963 5285 7399 9815 13741 36995 68705 96187 480935
1072 3216 7504 11792 22512 35376 82544 247632
107 214 428 1819 3638 7276 10379 20758 41516 176443 352886 705772
347 694 7981 15962 16309 32618 375107 750214
1241 3723 11169 13651 40953 122859
1591 3182 6364 11137 22274 27047 44548 54094 108188 189329 378658 757316
87 174 348 435 870 1479 1653 1740 2958 3306 5916 6612 7395 8265 14790 16530 28101 29580 33060 56202 112404 140505 281010 562020
225 9675 15075 648225
441 10143 26901 618723
207 414 828 1035 1449 1656 2070 2898 3519 4140 5796 7038 7245 8280 11592 14076 14490 17595 24633 28152 28980 35190 49266 57960 70380 98532 123165 140760 197064 246330 492660 985320
15232 167552
6498 110466
436 1308 3924 4796 10028 14388 30084 43164 90252 110308 330924 992772
1832 5496 16488 97096 291288 873864
5329 10658 15987 26645 31974 47961 53290 79935 95922 159870 239805 479610
653 1306 2612 3265 5224 6530 13060 24161 26120 48322 96644 120805 193288 241610 483220 966440
5109 10218 20436 97071 194142 388284
6948 48636 132012 924084
2089 6267 14623 35513 43869 106539 248591 745773
8264 24792 57848 74376 173544 520632
247 494 741 988 1482 2964 5681 11362 17043 22724 34086 68172
401 802 4411 8822 31679 63358 348469 696938
106 318 530 1590 2650 6254 7950 18762 31270 93810 156350 469050
235200
157 314 628 1099 1256 2041 2198 2512 4082 4396 5024 8164 8792 14287 16328 17584 28574 32656 35168 57148 65312 114296 228592 457184
8413 25239 75717 227151 681453
98441 196882 393764 787528
648 4536 14904 104328
1324 3972 9268 17212 27804 51636 120484 361452
77571 155142 310284 620568
628 6908 14444 158884
4606 271754
8331 108303
72456 797016
21114 105570 147798 738990
503 1006 1509 2012 3018 4024 6036 8048 12072 18611 24144 37222 55833 74444 111666 148888 223332 297776 446664 893328
3123 6246 21861 43722 53091 106182 371637 743274
193 386 772 4439 8299 8878 16598 17756 33196 190877 381754 763508
13351 26702 40053 53404 80106 120159 160212 240318 480636
2142 190638
3072 21504 39936 279552
50544 555984
4563 9126 31941 63882 223587 447174
2495 4990 7485 14970 22455 32435 44910 64870 97305 194610 291915 583830
2525 5050 7575 15150 22725 27775 45450 55550 83325 166650 249975 499950
475000
128216 897512
58864 176592 529776
5013 10026 20052 40104 95247 190494 380988 761976
1499 7495 25483 37475 127415 637075
499 998 6487 12974 18463 36926 240019 480038
1334 4002 17342 25346 52026 76038 329498 988494
5318 37226 69134 483938
368 1104 1840 4048 5520 12144 20240 60720
127552 382656
55375 166125 498375
227 454 6583 10669 13166 21338 309401 618802
1789 5367 12523 37569 41147 123441 288029 864087
3344 23408 76912 538384
12577 25154 289271 578542
2625 5250 44625 89250
1017 7119 29493 206451
456 3192 19608 22344 137256 960792
367 734 1101 2202 2569 5138 7707 15047 15414 30094 45141 90282 105329 210658 315987 631974
901 1802 3604 6307 7208 9911 12614 19822 25228 39644 50456 69377 79288 138754 277508 555016
947 1894 2841 3788 5682 11364 12311 24622 36933 49244 73866 147732
20736 103680 145152 725760
133 665 1729 5453 8645 27265 70889 354445
705 1410 2820 4935 5640 7755 9870 15510 19740 31020 39480 54285 62040 108570 217140 434280
363 13431 26499 980463
3249 6498 12996 25992 35739 51984 71478 142956 285912 571824
5248 26240 57728 288640
29984 209888
1241 2482 4964 9928 13651 19856 27302 54604 109208 218416
3456 17280 86400
187488 937440
1760 5280 12320 15840 36960 47520 110880 332640
149 298 745 1490 2831 4619 5662 9238 14155 23095 28310 46190 87761 175522 438805 877610
1793 3586 5379 7172 10758 14344 21516 23309 43032 46618 69927 93236 139854 186472 279708 559416
2268 11340 29484 147420
1845 3690 7380 12915 25830 31365 51660 62730 125460 219555 439110 878220
747 1494 3735 7470 14193 18675 28386 37350 70965 141930 354825 709650
1152 8064 54144 379008
223 5129 18509 425707
7840 23520 70560
1087 5435 7609 38045 53263 266315
9 18 63 117 126 234 441 819 882 1638 5733 11466
2511 5022 27621 42687 55242 85374 469557 939114
972 4860 18468 92340
840096
8207 16414 24621 32828 49242 57449 98484 114898 172347 229796 344694 689388
80 560 1040 7280
89 178 445 890 2225 4450 8633 17266 43165 86330 215825 431650
283 566 1132 4811 9622 13301 19244 26602 53204 226117 452234 904468
65 130 195 390 2015 3055 4030 6045 6110 9165 12090 18330 94705 189410 284115 568230
648 11016 47304 804168
833 2499 7497 69139 207417 622251
1928 5784 17352 44344 133032 399096
575 1725 5175 6325 18975 56925
3486 17430 59262 296310
512 2560 20992 104960
101 202 2929 5858 8383 16766 243107 486214
856 2568 4280 7704 12840 14552 38520 43656 72760 130968 218280 654840
4921 9842 14763 24605 29526 49210 73815 147630
873 1746 4365 8730 9603 19206 21825 43650 48015 96030 240075 480150
47068 894292
312 9048 12792 370968
62000 186000
144 720 4176 20880
11448 698328
1234 3702 13574 23446 40722 70338 257906 773718
157 471 1413 4239 13973 41919 125757 377271
392 1176 3528 10584 14504 43512 130536 391608
85 170 255 340 510 680 765 1020 1530 2040 3060 5015 6120 10030 15045 20060 30090 40120 45135 60180 90270 120360 180540 361080
397 794 1191 1985 2382 3970 5955 9131 11910 18262 27393 45655 54786 91310 136965 273930
8512 25536 93632 280896
110224 771568
356 1068 3916 11748 25276 75828 278036 834108
321 13161 22791 934431
58653 117306 234612 469224
110 330 1430 2530 4290 7590 32890 98670
3 6 15 30 39 57 78 114 195 285 390 570 741 1482 3705 7410
979 1958 2937 3916 5874 7832 8811 11748 17622 23496 26433 35244 52866 70488 105732 211464
171 342 7011 7353 14022 14706 301473 602946
1782 12474 126522 885654
6665 13330 26660 46655 53320 93310 106640 186620 373240 746480
13673 41019 123057
5856 40992 76128 532896
1400 4200 12600 110600 331800 995400
9392 28176 122096 366288
20775 145425
41148 699516
346 1038 1730 2422 5190 5882 7266 12110 17646 29410 36330 41174 88230 123522 205870 617610
24025 48050 312325 624650
1055 2110 3165 4220 6330 9495 12660 18990 24265 37980 48530 72795 97060 145590 218385 291180 436770 873540
16368 278256
2344 7032 16408 39848 49224 119544 278936 836808
176 7568 14608 628144
9488 28464 47440 66416 142320 199248 332080 996240
11375 34125 193375 580125
1865 3730 20515 24245 41030 48490 266695 533390
321 642 9951 13161 19902 26322 407991 815982
3098 9294 27882 34078 102234 306702
584 4088 21608 151256
80 240 720 880 1360 2640 4080 7920 12240 14960 44880 134640
1777 3554 5331 7108 10662 21324 23101 46202 69303 92404 138606 277212
568 10792 33512 636728
161 322 483 644 966 1449 1932 2898 5796 13363 26726 40089 53452 80178 120267 160356 240534 481068
7900 23700 292300 876900
11527 23054 34581 69162 126797 253594 380391 760782
131 393 655 917 1179 1441 1965 2751 4323 4585 5895 7205 8253 10087 12969 13755 21615 30261 41265 50435 64845 90783 151305 453915
41 123 205 369 533 615 1107 1599 1845 2665 3321 4797 5535 7995 14391 16605 23985 43173 71955 215865
243 486 2673 5346 9963 19926 109593 219186
243 486 3159 6318 7047 14094 91611 183222
79 158 316 395 632 790 1264 1580 3160 4661 6320 9322 18644 23305 37288 46610 74576 93220 186440 372880
10256 30768 71792 215376
1289 2578 3867 5156 7734 10312 11601 15468 23202 30936 34803 46404 69606 92808 139212 278424
23648 70944 260128 780384
397 794 1588 2779 3176 5558 11116 16277 22232 32554 65108 113939 130216 227878 455756 911512
722 3610 9386 46930
71 142 213 284 426 639 852 1278 1633 1917 2556 3266 3834 4899 5751 6532 7668 9798 11502 14697 19596 23004 29394 44091 58788 88182 132273 176364 264546 529092
5826 29130 180606 903030
326375 652750
1744 33136 50576 960944
360 4680 11160 145080
125 5125 11125 456125
131 262 524 655 917 1048 1310 1834 2096 2620 3668 4585 5240 7336 9170 10480 14672 18340 36680 73360
84672 931392
6272 31360 68992 344960
218 654 3706 11118 15914 47742 270538 811614
61 122 427 793 854 1586 1891 3782 5551 11102 13237 24583 26474 49166 172081 344162
70304 773344
3405 6810 13620 27240 37455 74910 149820 299640
2773 5546 8319 11092 13865 16638 22184 27730 33276 41595 44368 55460 66552 83190 110920 133104 166380 221840 332760 665520
229 458 916 4351 6641 8702 13282 17404 26564 126179 252358 504716
6461 12922 19383 25844 32305 38766 64610 77532 96915 129220 193830 387660
89 178 356 712 1424 2047 2848 4094 5696 8188 16376 32752 65504 131008
594 4158 25542 178794
6704 20112 60336 73744 221232 663696
2862 20034 105894 741258
11564 57820 150332 751660
13279 26558 39837 53116 79674 106232 119511 159348 239022 318696 478044 956088
6988 20964 34940 48916 104820 146748 244580 733740
216 1512 2808 6264 19656 43848 81432 570024
5203 36421 88451 619157
453 906 1812 3624 7248 8607 14496 17214 34428 68856 137712 275424
151 302 604 1208 2416 4832 9664 11929 23858 47716 95432 190864 381728 763456
293 1465 3809 13771 19045 68855 179023 895115
686 2058 3430 6174 7546 10290 22638 30870 37730 67914 113190 339570
420 13020 15540 481740
87464 262392
405 810 1620 3240 4455 8910 9315 17820 18630 35640 37260 74520 102465 204930 409860 819720
396 12276 14652 454212
11068 33204 77476 99612 232428 697284
1368 9576 132696 928872
301 903 3913 11739 20167 60501 262171 786513
3136 72128
2799 5598 13995 27990 64377 128754 321885 643770
12861 90027 141471 990297
85408 939488
707 1414 2121 2828 4242 5656 8484 9191 11312 16968 18382 22624 27573 33936 36764 55146 67872 73528 110292 147056 220584 294112 441168 882336
109 327 763 981 2289 6867 8611 25833 60277 77499 180831 542493
477 954 3339 6678 8109 16218 23373 46746 56763 113526 397341 794682
2157 4314 79809 159618
338 1014 3042 5746 9126 17238 27378 51714 155142 465426
722 3610 31046 155230
8032 24096 329312 987936
2025 4050 14175 28350 62775 125550 439425 878850
441 882 1764 8379 10143 16758 20286 33516 40572 192717 385434 770868
289 578 1156 23987 47974 95948
1081 2162 3243 5405 6486 10810 16215 20539 32430 41078 61617 102695 123234 205390 308085 616170
301 15953 18361 973133
1033 2066 4132 5165 7231 8264 10330 14462 16528 20660 28924 36155 41320 57848 72310 82640 115696 144620 289240 578480
141 705 3525 6063 30315 151575
6976 20928 327872 983616
1519 3038 6076 7595 12152 15190 24304 30380 48608 60760 121520 243040
1472 4416 13248 60352 181056 543168
404 1212 6868 9292 20604 27876 157964 473892
881 1762 16739 25549 33478 51098 485431 970862
13583 40749 176579 529737
34641 69282 138564 173205 346410 692820
205 410 615 1230 2665 5330 7995 10865 15990 21730 32595 65190 141245 282490 423735 847470
11125 22250 77875 155750
841 1682 3364 5887 11774 15979 23548 31958 63916 111853 223706 447412
117 234 585 1170 2925 5850 6201 12402 31005 62010 155025 310050
51750 879750
48 336 528 2832 3696 19824 31152 218064
36800 110400 257600 772800
925728
81 162 324 1539 2349 3078 4698 6156 9396 44631 89262 178524
1584 68112
938952
889120
496 2480 12400
24200 72600 169400 508200
1912 32504 55448 942616
783 1566 3132 6264 36801 73602 147204 294408
154 462 4466 5698 13398 17094 165242 495726
477 954 3339 5247 6678 10494 23373 36729 46746 73458 257103 514206
4941 9882 34587 54351 69174 108702 380457 760914
27 135 351 783 1755 3915 10179 50895
824 4120 9064 20600 45320 226600
54 270 1026 3618 5130 18090 68742 343710
2096 10480 98512 492560
45625 91250 182500 365000 730000
239 478 956 1673 2629 3107 3346 5258 6214 6692 10516 12428 18403 21749 34177 36806 43498 68354 73612 86996 136708 239239 478478 956956
4 12 20 28 36 60 84 140 180 196 252 420 588 980 1260 1764 2940 8820
28836 374868
41 82 123 246 533 1066 1599 1763 3198 3526 5289 10578 22919 45838 68757 137514
16038 80190
4478 13434 76126 228378
7516 22548 52612 67644 157836 473508
127 254 508 2413 4826 9652 12319 24638 49276 234061 468122 936244
28472 199304
332125 996375
619 6809 60043 660473
1336 4008 14696 22712 44088 68136 249832 749496
235 470 705 1410 1645 3290 4935 9870 10105 20210 30315 60630 70735 141470 212205 424410
2817 5634 11268 115497 230994 461988
720 7920 12240 134640
400 1200 5200 12400 15600 37200 161200 483600
1973 5919 17757 80893 242679 728037
157 6437 11461 469901
4122 45342 78318 861498
96 3936 7968 326688
49 245 539 2009 2695 10045 22099 110495
119 238 357 476 714 952 1428 1904 2856 3808 4403 5712 8806 11424 13209 17612 26418 35224 52836 70448 105672 140896 211344 422688
237 1185 2607 9717 13035 48585 106887 534435
446 2230 4906 12934 24530 64670 142274 711370
960 6720 93120 651840
707 1414 2828 7777 9191 15554 18382 31108 36764 101101 202202 404404
239 478 956 1195 1673 2390 2629 3346 4780 5258 6692 8365 10516 13145 16730 18403 26290 33460 36806 52580 73612 92015 184030 368060
5265 10530 21060 121095 242190 484380
1152 5760 33408 167040
657 1314 2628 4599 9198 18396 28251 56502 113004 197757 395514 791028
37000 407000
68 476 3332 5644 39508 276556
10700 32100 310300 930900
464 2320 10672 11600 53360 266800
3027 6054 12108 15135 21189 30270 42378 60540 84756 105945 211890 423780
8448 819456
211 422 844 1055 1688 2110 3376 4009 4220 8018 8440 16036 16880 20045 32072 40090 64144 80180 160360 320720
2009 4018 8036 10045 20090 40180 46207 92414 184828 231035 462070 924140
3664 18320 47632 238160
29568
81 162 405 567 810 1053 1134 2106 2835 5265 5670 7371 10530 14742 36855 73710
1216 3648 10944 13376 40128 120384
7436 52052 126412 884884
1331 3993 11979 105149 315447 946341
352 1760 8800 34144 170720 853600
3232 16160 80800
1008 5040 11088 13104 55440 65520 144144 720720
722 2166 20938 62814
2061 4122 10305 20610 35037 70074 175185 350370
102944 308832 926496
3969 7938
4432 13296 22160 48752 66480 146256 243760 731280
3536 17680 24752 123760
144 6768 11952 561744
91125 182250
810 10530 72090 937170
31400 94200 282600
140 420 1260 1540 4620 8540 13860 25620 76860 93940 281820 845460
86150 258450 775350
9801 19602 127413 254826
3920 380240
130144 390432
16224 113568 794976
452 1356 5876 10396 17628 31188 135148 405444
8504 25512 144568 433704
1136 3408 12496 26128 37488 78384 287408 862224
3456 24192 141696 991872
537 1074 2148 9129 12351 18258 24702 36516 49404 209967 419934 839868
68 1564 4012 92276
511 1022 2044 4088 5621 11242 22484 44968
1179 2358 8253 16506 48339 96678 338373 676746
2950 8850 26550 109150 327450 982350
596 4172 17284 29204 120988 846916
6845 13690 27380 88985 177970 355940
1120 3360 10080 75040 225120 675360
4388 30716 57044 399308
2224 24464 82288 905168
625 1875 4375 5625 8125 13125 24375 39375 56875 73125 170625 511875
2959 5918 8877 11836 14795 17754 29590 35508 44385 59180 73975 88770 147950 177540 221925 295900 443850 887700
4311 8622 21555 43110 107775 215550
36 396 2628 28908
413 826 1239 2065 2478 4130 6195 11977 12390 23954 35931 59885 71862 119770 179655 359310
24 120 408 696 2040 3480 11832 59160
53 106 159 212 318 371 477 636 742 954 1113 1219 1484 1908 2226 2438 3339 3657 4452 4876 6678 7314 8533 10971 13356 14628 17066 21942 25599 34132 43884 51198 76797 102396 153594 307188
1933 5799 17397 21263 52191 63789 191367 574101
637 1274 2548 3185 6370 12740 18473 36946 73892 92365 184730 369460
1107 2214 4428 5535 11070 22140 25461 50922 101844 127305 254610 509220
239 717 2151 6453 8843 19359 26529 79587 238761 716283
236 708 1652 4956 14396 43188 100772 302316
4085 8170 28595 44935 57190 89870 314545 629090
431 862 1293 2155 2586 3879 4310 6465 7327 7758 12930 14654 19395 21981 36635 38790 43962 65943 73270 109905 131886 219810 329715 659430
5577 11154 22308 94809 189618 379236
651 1302 2604 3255 5208 6510 10416 11067 13020 22134 26040 44268 52080 55335 88536 110670 177072 221340 442680 885360
208 624 1040 1456 3120 4368 5200 7280 15600 21840 36400 109200
17613 510777
9 18 261 522 657 1314 19053 38106
4147 8294 12441 24882 37323 74646 111969 223938 335907 671814
4491 8982 22455 31437 44910 62874 157185 314370
491 982 3437 6874 9329 18658 24059 48118 65303 130606 457121 914242
2201 4402 8804 182683 365366 730732
1400 18200 40600 527800
41 82 123 164 205 246 369 410 451 492 615 738 820 902 1025 1230 1353 1476 1804 1845 2050 2255 2460 2706 3075 3690 4059 4100 4510 5412 6150 6765 7380 8118 9020 9225 11275 12300 13530 16236 18450 20295 22550 27060 33825 36900 40590 45100 67650 81180 101475 135300 202950 405900
3872 27104 89056 623392
24875 74625 323375 970125
952 4760 10472 23800 52360 261800
252 7308 9324 270396
824400
41607 291249
13288 66440 332200
17 34 68 119 136 238 391 476 782 952 1564 2737 3128 5474 10948 21896
161 322 483 644 966 1288 1932 2576 3864 4991 5152 7728 9982 14973 15456 19964 29946 39928 59892 79856 119784 159712 239568 479136
1359 2718 5436 9513 14949 19026 29898 38052 59796 104643 209286 418572
3025 6050 9075 18150 27225 39325 54450 78650 117975 235950 353925 707850
428 17548 20116 824756
1112 3336 7784 10008 14456 23352 43368 70056 101192 130104 303576 910728
308 924 4004 12012 13244 39732 172172 516516
693 1386 2772 5544 11088 15939 22176 31878 63756 127512 255024 510048
397 12307 17071 529201
4808 14424 24040 62504 72120 187512 312520 937560
2057 6171 10285 30855 59653 178959 298265 894795
6464 19392 45248 135744
83 166 332 581 913 1162 1577 1826 2324 3154 3652 6308 6391 11039 12782 17347 22078 25564 34694 44156 69388 121429 242858 485716
559 1118 1677 2236 3354 4472 6708 8944 9503 13416 17888 19006 26832 28509 38012 53664 57018 76024 114036 152048 228072 304096 456144 912288
365796
80 240 720 880 1360 2640 4080 7920 12240 14960 44880 134640
664 12616 31208 592952
103 206 309 618 1339 2369 2678 4017 4738 7107 8034 14214 30797 61594 92391 184782
245025 490050
313600
19885 39770 457355 914710
1625 17875 27625 303875
99 198 396 495 792 990 1584 1980 3069 3960 6138 7920 12276 15345 24552 30690 49104 61380 122760 245520
27 54 108 621 783 1242 1566 2484 3132 18009 36018 72036
31 62 217 434 1519 3007 3038 6014 21049 42098 147343 294686
122944 614720
1409 2818 5636 11272 23953 47906 95812 191624
1673 3346 5019 8365 10038 16730 21749 25095 43498 50190 65247 108745 130494 217490 326235 652470
12536 37608 137896 413688
615 6765 28905 317955
149 298 596 3427 6854 8791 13708 17582 35164 202193 404386 808772
22144 66432 110720 199296 332160 996480
1101 7707 14313 53949 100191 701337
1224 8568 89352 625464
55 110 220 440 880 1760 3905 7810 15620 31240 62480 124960
13 26 39 78 117 143 234 286 429 533 858 1066 1287 1599 2574 3198 4797 5863 9594 11726 17589 35178 52767 105534
108 756 1188 1404 8316 9828 15444 108108
640 1920 46720 140160
7 14 28 133 266 301 532 602 1204 5719 11438 22876
1225 3675 15925 23275 47775 69825 302575 907725
472 1416 2360 7080 8968 11800 26904 35400 44840 134520 224200 672600
432 5616 18576 241488
97 194 388 485 776 970 1067 1843 1940 2134 3686 3880 4268 5335 7372 8536 9215 10670 14744 18430 20273 21340 36860 40546 42680 73720 81092 101365 162184 202730 405460 810920
4928 24640 83776 418880
348 2436 4524 5916 31668 41412 76908 538356

