239575
11552
1712
23853
56133
100600
6700
119880
199781
163172
4392
473344
98658
162450
92000
702
2888
138384
57996
140625
139264
21200
39680
78408
27547
39762
845
151875
118098
219615
12100
10816
19521
23716
117128
13973
31850
50176
103488
69984
125724
112896
86528
6672
204363
3630
158118
151263
18150
50229
9522
173056
129600
16825
87120
93964
33792
40464
56448
1512
190608
50666
10368
16928
30258
161700
1500
127449
242406
1136
34790
89401
49500
65340
683166
176505
18496
7776
33408
14850
48762
3773
1053
648
1315
121600
21538
19133
2303
27664
139392
6272
57122
4203
57222
65088
8188
32
276
8281
141267
2773
17840
31360
52111
133200
3164
65408
275560
52022
5000
80275
35301
8993
27848
8019
121500
109350
48672
16200
80736
63075
57838
48400
416025
19683
45799
30625
64395
60025
94472
51744
34992
350448
133650
180625
23232
120050
25012
162729
12740
77500
209484
7936
26896
6615
62424
6300
17689
383376
3424
25088
15309
10116
142688
39809
35574
12474
29
15028
10251
41300
135424
280908
159201
2511
322624
9180
70227
186200
97682
83250
114480
76720
18700
23409
402486
7497
13856
261568
54512
81225
8505
291600
3481
3645
30420
128877
21933
10800
322884
61440
188356
12100
1875
235200
30057
34304
160000
124800
49257
78000
42048
6760
25600
62500
163900
2431
35770
10121
11552
213444
96256
214273
144400
362952
34025
300
102245
52488
12167
244036
15741
38656
182520
33856
1353
236250
20111
334081
1562
37845
335160
64512
184032
53217
74529
54777
341632
94743
12544
605000
14415
26818
153748
207025
9680
184320
14265
24800
267344
202500
8227
2880
6093
11664
92500
2830
194688
1500
9747
251275
20992
36992
23409
46225
36260
72075
5238
117000
109350
74529
5000
114325
85698
12005
389158
17424
19456
51561
104544
11925
321651
17282
35152
8303
307461
445060
83942
179475
2375
3969
281961
5445
11123
1225
106875
76832
345600
50430
1872
8396
9261
360000
152064
9801
75625
112632
3481
123904
118584
152766
15974
105625
10764
101568
55125
232562
184900
129107
61504
79936
112320
31167
3773
322752
3969
270000
29400
90000
96475
882
109760
79524
52897
152100
57600
13808
19701
260642
43439
26288
48884
6534
72200
260000
310272
96100
151263
13230
463736
5292
32000
40475
41984
46800
6875
9477
107325
26334
52272
108864
28322
10092
119911
45625
41209
110169
176575
313551
102528
10092
93987
35912
19600
313678
24412
68121
6050
37008
70642
454132
160126
337324
110466
266328
15418
54756
2610
2891
7502
528
5978
4307
19968
125145
66150
67500
9680
13754
13754
164836
344960
36461
29225
160126
308932
178176
19456
25744
288
176400
27848
90993
11495
60500
66816
287451
176400
68850
56144
150626
75625
25760
120525
186624
100800
69459
110976
50813
64447
2300
26829
37179
24336
20100
139425
34275
165424
31250
17337
19197
69312
46011
250000
25515
5040
121032
219108
18354
2800
10800
100352
647514
73984
143143
4802
84800
10658
57600
23880
26775
191247
57025
31223
305
4644
318528
28322
282534
15376
14375
10125
79760
11163
10009
231868
10143
84276
82008
73728
397143
81675
5324
20736
106324
882
18496
55811
405350
173056
62500
24843
467056
74529
4588
10443
16335
4752
13068
128516
92800
346234
10224
97461
191330
92612
74529
31115
55470
6352
48400
28880
36166
11200
105625
40425
14336
29763
38575
22932
191541
80864
63426
76664
162409
139264
8875
108800
1280
5400
225504
138142
50700
18095
10300
279075
39936
25992
149009
9279
64
5819
20400
68450
10000
36461
118908
15000
67600
760
87432
52160
25992
245000
5045
78408
52111
39168
149040
25992
46575
49572
226875
163085
153760
59200
81461
152881
406272
226576
10625
26325
237039
43806
2352
19494
219600
66248
157604
43350
256036
7916
23716
62208
16399
18000
10000
314678
380973
24843
78732
54675
4080
9025
87024
18500
216825
24900
17676
29768
24011
66825
1701
89401
6975
22932
224825
120000
21525
27744
23534
67081
97088
106722
2450
64896
18755
115248
73275
146523
17787
251100
27378
208658
156325
13456
7406
15530
3753
89401
125440
63948
23716
211250
18816
219501
8464
8388
59290
56700
25434
128547
704
4361
110808
288022
5145
396750
12943
95220
28224
6468
80828
54784
1712
3726
41262
19773
233901
76050
29565
9828
31488
5625
278253
6507
84640
30780
23409
33489
11108
24075
75919
76664
52215
51232
51030
229586
655467
52675
13122
99372
435344
80017
171875
18225
160000
26550
4018
336069
261364
91854
85196
147968
3230
18025
73008
8109
21689
142884
148225
200255
11939
20096
293350
27716
17653
14703
227529
13744
120025
16317
22691
79937
16335
21276
173340
396900
98192
212940
122567
31671
68365
42050
192200
3456
14641
5776
163863
99981
4025
602
61200
20405
4896
68750
83521
532
344666
595584
2584
51842
42750
103488
21609
35594
10080
130975
19453
67712
43923
21760
1838
34200
10125
2322
30420
12096
13456
122018
7396
16929
135252
35594
45824
16384
67008
7774
378500
57344
136900
75625
123606
65625
473200
29584
729
190575
233289
3977
27075
15825
183375
10798
67473
7252
12645
262122
42875
473200
156928
40960
21609
360400
20304
9216
13520
82979
96800
80223
78988
80800
39200
6561
6492
8192
101250
74529
94475
52371
95525
13924
79056
36980
276768
18432
7975
60835
45180
393939
24705
73008
49400
342225
337561
11936
78264
173313
294350
89424
156645
16384
71442
96400
99372
15979
246402
34969
3807
12104
9245
345
6075
13389
119745
22445
183799
85044
27418
124578
24674
63488
21168
1428
85698
168175
98838
87880
38400
19881
100467
171125
15552
208
24300
51625
44639
24167
25350
56052
11616
145800
61516
62868
25286
112627
254016
9522
32896
27072
5076
842
57625
202248
3852
385641
47089
77175
122694
272048
1368
318096
40896
20331
14651
190026
93636
44652
13456
28644
47096
57122
16700
10082
8100
279075
226719
34243
247808
82369
125712
392088
285156
101568
110592
56628
47700
67081
9680
83349
41725
120125
289737
12022
152460
130050
14884
19494
12744
23064
166464
262086
124848
104976
211250
33984
130761
17591
7092
33124
299831
3072
102740
26112
8750
158760
6631
4500
16248
792651
45630
494190
9408
133280
18496
11075
3150
253313
85910
139240
5913
9801
99225
11664
210125
36701
95139
21632
86528
153664
243049
5247
5850
28125
13952
7581
20808
115200
478692
613632
588
82418
32368
215306
55000
25992
126960
36288
29744
3453
8192
31925
36864
123201
385600
11025
10089
10400
6300
32400
3380
13119
24200
361
28175
4563
1250
355585
37476
101761
14300
137200
38701
19755
122500
34650
3200
9801
3745
66654
76664
13520
324
4725
32307
17975
106036
233136
106335
76832
16584
228932
142659
22528
151250
13312
16562
56943
33408
20449
9126
14400
367500
24786
183040
6210
133407
57600
78732
78698
6400
54675
21632
12789
85833
3600
202752
22716
28175
14440
83079
6125
257049
315090
6591
84579
119232
90828
396900
11045
35073
13818
19373
54760
55125
164025
215472
8427
46818
39200
89200
62328
42592
161472
401157
10443
5900
17248
126175
227925
313600
43776
2646
174928
155526
56304
4477
40432
67600
66550
5000
125000
87696
201586
112668
50700
46656
50706
3267
255792
4050
4624
89401
25947
76313
242208
245025
135375
86175
212800
18125
606375
417316
19008
73875
87362
24642
1250
2592
13426
10935
19200
371264
54756
314171
238003
172872
35559
35231
26010
56007
1407
4160
24255
3557
47808
326740
24037
118336
82418
88812
50000
31752
83200
48114
26117
528003
425736
925408
105344
34398
34336
314964
1724
75625
47432
26880
26908
28416
228096
2535
47500
151875
30276
45725
5041
13140
42050
428497
61504
679
30625
22700
22576
321632
32768
13032
25600
35721
6400
7225
39204
97468
56425
166175
22509
343519
196992
26100
166617
60236
89648
147968
92610
123750
14375
38475
298908
20325
99225
30625
13583
129605
16200
31752
102524
109512
131043
16900
43488
640
28880
76050
19573
50193
49179
60025
134162
283383
245025
100000
11323
116424
29952
465124
3645
31212
184888
39401
184832
8125
4696
3969
57344
2787
65025
25143
182016
108900
448576
229712
326700
4332
32000
864
246402
1024
1444
27378
36864
14700
128547
495376
569504
163592
65025
106134
76832
307806
74529
373527
20280
470492
7774
242172
31211
15487
133128
23872
67473
403584
30593
83300
14792
127449
65340
133632
84224
87416
86436
104400
288821
8100
136242
248508
3675
24505
19876
17520
990
53016
23716
7938
80352
61009
226875
31487
351232
246402
27225
25824
43923
87362
77499
34125
138384
32607
124800
17787
20800
301644
284258
106134
131712
37210
4624
7712
238336
205947
8948
245637
65610
105705
9020
222102
37303
21547
46225
847
35000
39204
290304
9600
551936
550
371628
624750
30000
32535
121968
3267
170097
12584
11979
22500
31360
352872
19200
50323
6348
185731
34225
160200
57600
31644
261781
316875
32622
162729
28561
30056
4900
42849
25047
474281
12752
12816
42849
56933
2592
175655
71114
113350
136710
145475
171666
648
5808
39675
10900
87808
100905
347425
73920
238140
18576
176400
31104
103443
10192
340
90250
3555
49197
73728
54756
221725
130680
50176
8600
7938
78400
94136
13225
71442
302760
124056
17328
64000
7336
34300
10287
25230
39924
43687
63175
114800
65314
16200
16416
77904
34400
9875
57967
201200
52272
27200
276125
103684
20102
49336
29040
64009
30976
6399
9053
77661
155526
324723
39375
51200
270738
19600
359195
24820
85184
35280
174400
216320
40768
19942
45423
10512
67712
219961
68450
18900
117600
27712
48640
27455
45927
477750
28798
51712
165649
94864
35056
54600
98304
522
19410
2609
116909
40931
320992
88700
232934
10143
99127
33124
11295
16400
198450
198254
215168
4374
1376
370881
1433
71680
48519
1445
108160
83250
101650
31680
2775
5832
399475
122525
116178
56644
101568
79376
99225
21780
11638
308700
24236
170030
38025
32768
166464
147968
48400
229075
85848
40743
51984
135424
715275
334176
33800
43092
10530
81984
1249
79380
609
12339
306250
72900
50688
7936
9481
1536
216832
30393
38115
120000
64152
129825
8894
37888
57150
898
2646
537920
104329
303601
7983
444889
86784
91839
64009
35721
405769
130860
58849
39447
22824
4050
60000
244036
14175
122694
10580
17300
41616
423801
3249
89304
8014
19600
21059
10125
56525
122047
83974
62720
6253
12500
167184
2028
24768
43350
14400
115200
16428
19550
231200
243936
144452
9234
25155
65709
64827
87723
37004
45200
182329
50112
6615
57122
80724
896
49000
16400
78400
8640
550
11552
72000
235224
27675
10125
10368
12844
16200
19363
168795
82140
1813
504
404512
38912
24336
2788
29237
8759
31164
3000
166950
30720
231200
103092
10404
9610
104329
93987
35344
176418
316400
17820
222784
14800
69750
94080
36864
55125
501126
46150
6825
140625
181476
15000
61336
186050
6084
15488
108800
275625
1775
11875
32368
17256
705740
120213
18252
18432
153328
110450
32448
119360
93824
32100
27225
54925
4772
177957
7396
59584
48600
9559
50933
17664
114359
93312
371712
2400
38484
31212
14112
387838
3100
90992
2997
48672
19584
19875
93288
6066
33600
8358
10731
101150
326272
163872
2150
6272
385641
12427
3178
309
95665
65025
12425
196716
67500
65219
46464
5929
27783
35721
121536
28008
66375
349015
501079
336400
23958
14800
24548
275
63175
196
88330
120400
80896
12000
13750
12787
49852
189002
683
48050
25515
41175
39708
32004
13824
6321
103292
475904
10422
7488
166257
148225
404600
270400
78300
92480
31239
43520
32896
417136
135408
407200
216320
442225
205900
49
49320
41140
9216
12168
79380
207025
15000
70059
4361
18207
64484
188272
67081
43250
13872
60112
79261
60492
10400
57600
176256
213444
208658
55660
172872
99127
4860
14450
166992
55746
18496
73728
40460
50225
209814
25688
35721
24255
6936
61952
22600
102608
410
28410
49923
11552
7056
9891
31709
4707
22788
217800
34596
26100
4840
8464
5200
12321
110889
32448
147420
12054
41552
445500
22050
23649
275
362952
110700
6728
1273
21659
89667
314721
632025
69984
448
489808
104188
19592
152100
41553
156816
7750
117649
460404
36250
14406
7938
11587
8435
40368
95874
29700
348843
49379
48600
57475
126784
86700
331169
168100
2850
384592
3600
7605
9216
3633
84375
79350
26100
46148
32428
323875
27104
81225
26896
210681
36050
140608
112064
427063
5537
4620
7056
195364
32000
164025
55728
288108
40376
56340
28077
16224
637975
43681
157472
29632
5145
30625
349370
36100
71442
104907
221911
3125
15288
28880
301056
26983
201243
21709
6925
53622
82944
61740
9900
439922
12822
57600
115320
370575
5184
114380
40960
43512
262912
58482
54108
8947
41971
108664
344608
3600
900
227359
154938
47827
79420
12844
81862
58032
479408
28900
149556
10830
38768
139968
294175
36864
14297
42350
8622
53136
1860
43011
219024
290004
40656
64251
18000
76835
965
25040
16320
4225
3528
79420
42849
3179
69938
177543
106132
303
371887
142100
328131
3987
41876
31514
177147
205504
110446
9937
256
52800
2209
782130
114048
110894
58136
120263
186800
35211
44550
10469
9680
215982
61250
202607
108174
225120
305283
15870
3600
53334
121450
212868
55488
17118
16128
8349
51842
279
393225
372645
23409
2695
158700
345744
114363
25088
2048
24965
2400
51759
70574
4257
5980
458552
28560
36673
52675
53067
56448
388362
10933
726
40898
16075
10240
269892
25338
55539
10066
582912
200704
110446
29420
15625
75558
5815
11271
9648
1024
38088
40338
104976
81900
157508
80640
12489
15548
340605
88512
18050
29095
42381
165645
62192
11200
48735
36288
532512
2058
168588
56644
95550
268912
13841
23850
122500
90753
138624
15972
7215
996
19481
307328
66996
43923
70805
675122
26864
27508
270750
68400
39528
57434
24108
60016
271188
230496
234576
179776
11476
11115
50176
5054
5588
564
73224
85150
17577
545848
57600
544968
215982
278784
12288
118408
171288
127800
52416
11552
216293
143360
43732
60264
179575
4548
71736
19404
73984
82320
93100
288800
97682
128774
6336
54756
158700
390285
1500
25600
170586
53824
88209
43218
1920
97425
8427
650
5265
41472
86436
10647
132496
89304
105625
6275
144400
1260
69075
9675
42081
19683
47916
5184
360961
25992
16214
14652
92928
195702
16792
16562
188356
12100
238144
7139
8405
19551
23409
148716
150499
8262
156060
113600
389448
7056
202124
10048
137781
63882
56644
1600
417316
142884
204800
576
4122
10816
201243
81225
83006
205578
3200
17104
82810
41876
9216
131175
63525
266616
19600
19200
51200
8869
101802
1944
30899
90344
91839
27216
195858
95325
204525
172872
8427
19608
9920
11531
4704
12288
49000
12544
32800
561816
112216
301250
235000
500000
11560
46464
27144
39375
7940
9675
166698
308308
10800
76050
3136
291525
124025
109350
364658
278692
51200
123627
96278
181675
38950
3564
22512
21964
10368
90112
79376
308550
312325
54450
64704
183708
474320
3198
41067
27648
1856
20164
884450
8811
63525
3200
176400
232925
6528
130896
26015
139425
68121
18225
61605
210125
34416
280672
345651
187272
279936
117888
15876
48400
10688
13609
15390
61175
67464
9550
59211
65348
39200
83521
100352
10646
396
9010
155925
10337
131072
58212
23895
27500
27405
116640
7264
164738
101200
76050
131043
339725
158700
75411
120159
342272
34596
102541
118125
11466
3450
236600
61250
61370
119168
72000
192200
4624
40500
14136
174724
1320
46516
6912
2304
2916
132278
33800
254800
77445
5176
21296
42025
47915
26364
93750
42336
9016
65025
54300
63075
3610
103936
24336
129600
6889
99323
968
238950
137397
11492
32236
228144
16128
7282
191748
200637
142884
269120
8098
4802
3468
168100
32310
10701
23850
59520
25020
38088
216832
26174
155526
125628
11858
20250
125000
5324
32680
18224
22140
26877
12996
86528
15488
1764
104907
39375
661344
32490
17787
103968
4107
64375
21013
40824
41876
6316
12800
62208
2916
15488
3042
3388
69984
784
584064
2132
161568
5995
83248
81288
37030
8506
7500
129752
9126
445952
73728
25525
54000
78003
78400
152064
127449
14842
6615
12213
4344
152100
51984
41472
89600
76192
13567
13689
10701
158355
190125
86528
260100
419175
311850
32320
15210
392925
54756
39200
384475
207368
7935
9251
68651
97280
101700
608
69696
3481
35600
32095
4778
555458
51772
4232
75690
114336
7938
27648
23534
17921
13389
14976
13068
9610
732060
27175
6606
36750
14450
220500
102366
26185
518400
87552
4165
186084
118580
2750
30000
19360
46080
24642
14175
43681
61250
6561
95200
95823
86700
119808
100638
6144
38025
494753
38248
30625
3871
266256
904
58125
50575
3844
359856
134848
23409
78033
76472
131868
3491
71442
439680
5476
6039
1280
1458
341675
845
316285
184093
63650
28371
199408
18289
34911
23744
120960
182520
72600
5751
97199
144400
10400
24467
258570
189728
77850
93312
22050
15536
972
25088
15876
25281
99636
22815
130075
13451
15288
94464
18784
3240
16562
94221
32768
3783
371744
64440
550
18000
1620
49379
64800
9315
93312
245051
118098
18988
19037
23040
7406
147968
53248
68276
127656
32144
154128
43681
65104
107820
6175
6075
33124
27378
88434
4239
23409
11800
46225
12359
2328
4655
202800
295603
264384
641421
105903
19404
548856
8210
97344
45225
142209
54450
31920
102900
6171
94325
128018
85293
57154
47232
51200
14112
217165
64233
52992
36162
46208
184300
3971
42050
109701
65700
48240
9680
31607
33472
19360
71148
140524
70609
117612
73304
24079
201600
20200
88752
20800
280330
26908
16475
430592
130628
1690
21300
168540
98568
153000
205700
24863
19125
27378
9522
102675
163600
123201
45630
96100
140416
6593
126224
19456
10108
156816
33075
16848
12644
27104
7442
31329
2068
11015
12739
152600
181476
48600
20232
77233
204624
13104
36100
18502
108375
176868
228513
7614
4797
149450
17918
700
2820
71118
176720
121500
17908
4900
36992
47089
110250
230917
61250
197136
166464
120000
158809
1746
373248
2100
20691
1083
8748
73117
19275
34983
28982
8379
192027
2996
27008
640000
11907
119646
14450
19161
435395
36450
3872
260352
221952
18711
8228
25480
59248
59048
33800
5043
139258
89739
110592
365148
17150
8112
4212
4394
118098
124002
343784
968
85725
58860
184832
6358
10368
5491
33550
236964
378225
32448
109755
77274
61965
244935
607500
97344
16600
51480
167042
22261
10780
50625
203243
108664
10320
5070
10623
53724
58176
68445
63580
19600
92659
11691
108900
26450
6480
38720
64372
117854
529803
16650
12348
420
34969
66101
11615
3596
6992
213160
96957
182070
168200
10300
7360
103544
270000
34814
24389
7843
608
6540
12321
31703
30976
51651
59049
23582
317400
28392
58989
4018
46389
6396
40050
122800
87808
55908
92928
40000
446464
295704
32428
233818
106722
11340
3724
99275
27012
105875
184320
15680
67068
247808
35075
20992
9979
516825
45859
15484
128018
48672
108241
5943
16498
108288
8667
29480
240192
37905
66400
10648
22589
23552
4671
40000
81648
6179
18225
128986
227529
173248
73916
97175
6050
25344
8318
3368
21926
419904
138675
6272
114696
968
5547
42140
5408
126684
18252
20250
103818
34496
166496
211968
8908
9360
103518
21168
27378
7032
326536
189449
25875
11025
110592
419904
29040
33800
47432
7436
522242
123008
42926
170569
22400
7200
23552
75141
84035
45000
14161
28206
12100
10625
174240
492804
217800
180668
35000
6084
23325
72473
28925
611955
229376
204723
50688
105773
544476
2425
196992
86832
30478
69360
40120
151165
1922
1869
81675
12544
268324
67600
23340
12420
336675
65268
2612
26010
78732
3703
113288
12560
100842
10000
18150
312500
14161
12544
41008
10404
237975
110032
64009
5376
84500
68121
33712
15777
20129
85264
70308
27200
137700
55601
89376
22510
48128
16335
49900
288800
31124
28392
242000
518661
624962
35937
63504
23168
17689
3942
476656
40192
72090
194497
53172
156250
10816
121000
14455
306340
31248
700
149248
10404
7623
26246
165199
164616
48000
3600
93925
26400
24025
130536
53824
12800
11776
217672
4050
31096
23409
5576
46930
40000
313600
350675
87120
50362
104976
19550
388096
6672
17591
47775
13189
291600
8800
22400
8466
265216
16456
243049
77760
363312
115200
142884
800
5751
18411
359552
14357
5326
2736
6912
231978
111554
494508
22050
19881
42849
191835
70065
188356
65572
72828
94864
107648
198744
357210
186003
40720
272238
75625
12306
132496
68688
1911
105393
150255
55436
2304
54450
269892
65610
82810
9387
85248
79768
19440
26531
45084
68992
66248
254898
240656
168100
7488
639940
130321
12100
30371
132848
45668
59248
225625
26390
5929
22615
226875
11200
178802
362404
611
363258
94080
167018
11920
192296
33396
9537
142149
306291
79028
14161
23079
92928
77420
180708
204561
247808
53100
81796
119821
105125
3888
104704
8100
599076
21609
78608
65598
16928
5184
141659
1536
81225
161472
14700
7744
156060
5408
47475
53816
59072
132800
260100
169309
10800
29766
68413
255312
4293
68445
6906
729000
4000
46389
86976
1734
288800
86436
2166
29575
17500
5408
7839
648
25280
47138
253125
138985
30478
60648
11205
84100
462250
70000
251896
24968
32600
1255
9875
216750
8320
54208
14553
1500
13824
3267
75330
63504
39525
238050
56430
13182
60000
5000
117007
313
39725
6084
10693
31100
141512
238400
7220
13689
3528
276125
17568
90593
41472
186624
5415
17600
15854
8487
21609
49130
43050
3703
1950
33761
5632
634176
43056
200704
163975
9583
30276
21632
30634
20000
99225
198575
1462
17492
160000
29275
85544
86787
4840
1328
15876
12575
63536
23409
81000
52488
3142
38720
211932
77452
58688
8325
13689
71478
76832
19602
44032
30492
87723
8000
12100
82134
29736
4312
24752
16875
63257
331776
504
74173
10125
24300
103684
8959
186003
101232
25350
93750
18997
5525
49010
2736
130816
5562
21025
96125
81634
3725
122247
68121
145800
5324
28431
498550
15376
2028
61347
67923
52668
28080
33712
4335
103788
95823
370881
72200
143388
54450
10404
21901
2140
52514
47138
87880
27500
24206
150075
59584
187392
66564
6125
4232
17600
65536
24105
301644
8100
15129
20736
142884
46208
108864
64009
22050
323008
1872
11856
189472
106807
750533
78141
116688
409600
523418
51450
80631
12274
173246
212415
123444
58600
7625
39024
2950
7168
25921
140224
12960
4107
127088
38416
58806
5968
30276
8192
63075
26244
125388
86490
40000
69819
114308
15631
138645
4732
52215
5616
409500
45630
60500
58643
48050
64757
28322
35557
102675
180075
9633
112788
17545
1078
214326
48013
39208
24596
4913
12100
72237
69375
16245
95499
42678
140625
30800
14793
38784
198288
35912
195364
18544
57344
5586
11074
56250
9763
10080
607257
4725
369603
36045
46569
65954
33635
36982
8281
9025
267696
132158
1152
7569
5043
21812
8000
17298
35912
69580
42200
23200
100864
40734
160083
18000
179100
121086
3941
102400
18496
81225
28577
12933
64009
189728
67518
12312
158032
67536
28900
93312
138384
1360
104976
10443
66564
20848
33856
51744
160487
26391
73568
2888
12675
16961
61605
22800
56144
81487
6948
45630
39375
266450
81575
5000
34830
7546
131072
19773
11959
71680
19392
14161
190608
40590
17600
37026
29350
220000
189576
35574
17334
13607
7688
108192
3267
77372
112320
624962
24259
247408
150784
27225
303372
216320
10216
23104
55520
124184
80736
214245
72030
2100
12825
8240
27900
284592
13689
423612
2025
4410
227527
13690
176128
6480
26496
1312
5880
84400
10525
10048
23548
5980
254100
254826
154000
121968
26450
179685
720750
129213
133632
17424
14175
31104
201786
10192
8850
32805
184815
169344
88209
8576
45414
202800
104100
864
108400
5476
78802
121824
1792
36512
87885
42592
66125
6877
10840
164738
102626
274432
6400
57132
33275
4131
13689
86044
91875
23328
290173
24986
75411
502512
286517
10000
40293
123904
35721
278512
25600
81300
17625
46818
15325
2890
164025
161367
1620
139650
93750
93150
133584
84096
29575
16947
21632
172125
15934
18344
357309
3200
418914
192027
50820
9408
88872
83006
13924
35152
768
10952
67868
105800
21364
8199
172800
67081
47089
18750
11176
260100
27378
121512
3528
46225
40960
81796
169000
57600
3220
968
1750
130134
302832
16416
142443
7450
422048
124659
109350
3610
1898
961
14528
27540
92575
26244
34983
5811
99072
6800
4575
202752
495895
104223
232375
274400
109350
102465
102951
12825
29768
204624
82908
65025
123904
160380
155682
39690
86750
19220
882
100358
100860
23534
22928
430592
7056
15435
27648
143
160704
3095
74529
340605
39930
110836
28764
13778
42021
48060
67600
45900
12024
3924
248283
9408
191477
145200
199287
42588
84966
169
58806
7500
67554
44944
354025
23328
6656
66800
74984
271150
4920
46128
24167
64800
23120
146410
132327
10406
33858
607257
280900
13456
50864
114075
233280
95823
153760
282534
88935
251728
4926
209484
27225
11136
5856
90387
272832
164268
88935
57475
28688
31250
2704
94041
388125
169000
123750
66524
8670
119736
28672
15606
122018
132300
50176
19200
22646
75264
2080
33813
4984
23232
244296
32500
38400
129850
17908
16243
102960
262544
28611
90000
12225
138624
62037
7500
29400
25856
12996
119103
13225
260642
3645
7473
63404
27104
13689
655360
264213
75
22707
349184
59536
103680
140800
43072
276864
42588
34848
36125
56056
200704
625
229312
171394
210125
130
74562
15376
42108
338050
9904
532944
38088
174050
211185
21125
94400
2535
28677
78408
148104
5684
153664
63504
1377
44136
182592
97412
305613
87120
43197
578
3200
48552
212268
113400
279
2208
115248
5304
15435
29375
12348
28944
19166
121968
17496
3364
10816
211600
28125
40824
174724
30118
50410
50807
64757
250
114075
44376
125312
142884
24642
20700
94864
10164
126025
150000
61250
239701
5444
37888
67335
1161
33750
59532
112700
485809
41536
27378
34992
182182
6300
38871
3094
369024
83968
130340
48400
409150
103528
33075
67712
114582
247500
101761
25920
1656
14976
3528
30976
23548
199168
162225
39204
31407
2224
353094
3468
44175
184041
6462
4096
201344
9295
261725
15129
24336
675
244783
22326
152352
138675
88209
81648
74849
333
84474
11700
70785
26460
3154
80631
13077
270400
14080
18171
59607
127449
13448
106722
27240
172544
22432
106240
36576
64827
174845
12838
162729
50193
15800
49686
1443
123200
61731
47104
21904
49147
219006
235417
7943
5040
9950
386992
262400
175712
6760
840566
32562
88660
39249
75852
40400
63425
156937
47961
37632
284089
5476
219961
37544
1022
195364
12494
83248
6912
5566
212992
9025
31616
29275
12996
47500
8464
39204
170352
58320
92450
8712
9216
6975
67068
16055
152100
61236
23409
32110
26705
46225
8352
10125
8750
5408
10624
142884
417316
201465
260352
31329
142884
20000
109375
16224
147620
43681
22500
77760
7569
6489
22743
22239
121014
186184
9610
125568
15180
26656
38772
35182
52480
31925
1183
290521
25920
3364
7391
7000
22831
29232
242528
125440
34848
155316
7362
8192
10368
15876
97792
14079
94136
5832
295245
72075
18513
160809
936
7680
3722
398
2376
123201
123201
7938
42826
245388
22472
3420
31211
10496
72560
125356
5408
22500
60552
50562
40320
119072
30308
12142
53125
2685
256036
269120
21384
128018
94299
8112
88752
76176
12828
255150
11025
104868
100352
325
11368
2675
67600
90601
104544
89888
68479
69828
325
4828
51200
10764
4394
13442
259470
1125
124659
5040
266450
2655
31713
13132
2475
46305
119935
139392
225625
88832
4709
71604
6422
20736
85625
119875
4545
87412
385728
34969
33212
368063
27000
22720
6562
303831
3092
37475
32000
221952
145800
16758
78656
27225
155311
3400
5712
88592
7605
45968
28431
307461
5603
125060
6561
14592
48032
138675
38904
30400
147968
90774
384400
20480
94178
173056
17496
48841
14048
15680
82350
6192
1875
152881
2012
155952
296450
490392
7056
416113
13122
6967
25921
11289
279212
17088
99600
91880
87525
37975
3851
12419
171396
440818
36300
170528
18150
150499
41327
171600
181168
11712
81920
36864
402688
7663
409
36100
322734
13320
28224
64125
25350
18432
2800
8896
207025
534578
15200
12000
17703
96100
13520
6084
140602
5120
13689
31104
14994
11250
181504
8640
155682
15488
5625
165277
15390
40401
314721
180075
7550
32805
7452
94962
106
73984
6272
405600
8100
56628
19723
87552
83424
61731
16992
12100
9828
293
132237
32859
23716
204
50457
12584
3969
1317
184041
12096
15876
167600
67500
3316
26071
64000
12288
28566
123596
34425
47232
4761
39204
9075
32400
29204
167648
70400
708
81324
4032
19652
64980
29241
89327
76176
47175
28899
26364
98914
1813
71622
161874
331250
249480
23322
122018
8816
67032
3888
2700
21170
9751
71050
136900
6561
43659
14703
41971
233604
5408
43632
8957
6400
30276
1922
8032
190656
214522
88445
47808
35520
133868
27200
90738
1701
211024
31329
51984
3481
8336
34102
11849
32536
800
289008
145926
324900
25725
35392
293788
26950
184041
193600
18050
81
51425
26816
66309
6069
140068
3392
201600
226149
31839
60025
26925
13150
31218
47089
4608
16170
88209
90387
28561
6032
119652
19363
32400
5125
127400
513659
12068
419904
29175
486400
81796
77040
245
27783
205016
9088
22032
432964
247095
100352
6613
103488
54756
1280
9584
11674
5043
8928
19845
205227
58300
43681
69984
61952
37681
201978
729
59049
438048
575100
34969
336
17956
197568
1326
11858
93312
2439
5000
160106
35659
28431
119072
68229
117740
7497
24536
36125
110592
449
29696
44820
100800
80260
101761
5625
160704
1369
47753
68121
20493
20142
22500
113239
164152
90972
82159
4536
88750
3672
68445
784
221725
339889
27225
221760
277248
30825
19550
27648
4212
21204
14600
47628
16224
405542
7623
183051
18864
5415
379050
1770
16562
24696
86751
72501
30294
8788
64736
59643
6069
48876
9375
370881
23125
207152
7176
41944
1568
72400
22500
30933
13448
22854
13424
5684
5202
352800
410112
39392
49446
52900
14400
45375
42025
210681
87362
29700
93636
8832
9467
124384
187272
32768
1401
48749
350900
52855
165308
247254
245388
8993
5391
112700
85184
74432
21175
6336
15100
556544
12544
4851
245000
13328
7220
35478
2592
67081
11999
110450
290521
948
8125
19220
126224
30069
104544
55473
205524
4176
15925
34656
358656
117128
21168
41600
93347
261856
352336
22383
4508
97682
36848
106097
204693
191970
1893
48060
262848
147136
51200
27225
233208
613
6929
28512
76050
161542
10192
67081
290421
211250
160083
36550
28026
65348
81648
41209
4175
1984
151250
56615
567
7754
1701
83232
153125
126412
192500
48735
5000
26983
124146
23500
41472
172225
89401
16245
4800
17797
409600
156349
215600
303408
17730
3724
320166
244902
2300
54880
1458
26880
424536
89768
11143
42282
140450
5476
11250
922
388962
49348
203200
214326
135401
32856
17069
5184
64009
10816
174231
216482
93330
24642
15606
8154
518400
180918
53361
5766
7938
122825
1000
184815
101124
407044
336091
55225
45253
56644
245000
24600
16384
44100
67600
151875
285768
3916
9583
65536
54080
55594
45450
7415
32448
46208
25205
30738
36300
108900
155142
135252
6144
30112
54208
9776
16641
22090
981
26688
126582
115620
16896
23040
45766
136857
15488
84100
86436
50625
4489
10226
4437
20184
338176
37376
71456
80000
85200
10469
4337
71968
190750
17969
4394
12150
87399
49457
72250
1280
8192
38475
2376
30118
750
9184
257094
49972
59700
58080
215355
34560
186624
137200
16245
78156
231231
7569
4212
1144
191984
28561
85293
30577
138624
21690
15488
25600
20808
322624
36000
23056
251600
64000
14769
129960
30625
176000
16399
228150
116281
1813
2523
24460
14400
422331
19176
18615
6656
702675
37250
157952
81796
23805
119880
343
128018
58564
33124
121875
27664
75450
32500
90756
30420
55955
4805
684
24000
94400
12000
196608
15000
108736
31752
73984
36992
122018
6468
188356
61560
94985
38988
1936
13689
173696
60516
67620
244332
443608
18225
1179
187500
5746
163840
245000
3200
17576
8649
123904
75087
22650
8830
17200
224000
18684
32368
49686
20286
108900
59571
68229
6624
64800
17457
98000
6727
17088
25727
73500
85683
4293
3852
120000
198
2000
27520
105300
2916
26100
28800
1275
32162
12250
16200
41025
335127
13690
10475
284800
44352
42428
722
12256
56916
448063
295191
46818
3726
25088
4089
268960
13448
2401
22000
140777
25432
8134
8100
43560
61952
33124
178602
62720
5566
1971
430906
42025
138915
213984
20272
10658
36950
28800
456976
573300
25458
159923
30276
4046
3724
284765
18375
118336
676
351747
95904
203522
24336
181222
262144
153125
34300
127575
125891
447458
11106
494384
8750
4802
4732
1145
175959
169
60500
21671
45900
13653
507257
70227
143775
100048
20736
110450
20843
89401
12164
52236
9404
15093
1089
71672
6811
83853
56066
96040
26300
265586
2500
8712
40960
15488
314721
192774
142129
14406
23128
226233
1575
35301
28800
296803
29241
4854
48128
59682
208080
23276
21599
233523
11638
34848
31389
61504
85554
67086
10404
137781
31096
212126
275625
5265
37004
70854
216600
6223
1782
1631
4437
259584
1521
45521
104181
11384
30420
4394
315568
111744
26325
248832
14400
1437
1584
289600
356724
45324
3504
92416
12802
17787
18225
9984
66150
19845
92736
27830
111188
28800
36864
365010
5328
4624
92928
24000
142884
71100
90000
843862
18207
164754
4410
33800
36513
21168
4800
23615
207575
180075
6069
28175
36250
82369
338367
171200
5046
135736
225792
3888
304200
3200
27047
6875
205479
26450
128018
32805
8748
310268
36864
183750
5184
62453
42419
212
7875
30258
306820
8959
9054
23220
12509
198
233289
21504
121104
16256
12708
3500
440000
175232
25350
9577
155952
21280
38720
7168
152221
41650
9100
9747
8416
158050
893
71415
73600
11385
6929
2696
62916
212355
179478
32373
151632
33048
191558
25886
3411
2684
228732
125989
29768
4205
143648
10500
10744
54925
616001
29757
73425
2646
89600
148000
12879
99630
23694
185856
329888
53100
46023
9377
146000
314721
15680
29943
42849
456876
33056
83006
85683
204775
8788
31958
5070
245025
153164
18225
50540
371293
153664
28561
59175
14283
88935
94276
119911
312987
20141
96400
152352
45000
9801
32368
60025
119652
68061
465125
3818
18816
306735
131072
19363
2331
17408
1331
9075
78694
8649
120736
347802
22251
58482
26048
31600
5915
346921
13068
369603
43125
16525
18432
63869
278318
100572
337
28616
36963
21168
3357
63808
238050
22103
254016
23716
19968
152014
160000
15309
31740
65475
117128
41616
216
79210
22050
177451
11025
609961
71344
16425
299975
54925
9600
514998
41262
36352
7497
1280
10241
69678
25136
453152
6250
4491
211250
101700
9225
25515
41038
29124
5324
23409
72900
23716
6936
327150
21075
22687
216832
62208
28561
68107
40500
17550
596
10043
28431
1368
274432
4107
64800
19656
54936
163125
95256
7693
29808
241211
60480
37888
48037
15552
64980
23232
109413
36992
28080
39762
105903
26450
35378
67068
31939
236250
20983
115520
26364
51984
37011
152100
13005
15210
25205
43075
176400
42525
138384
31104
16100
19940
210675
33573
43197
302518
3772
21906
20736
8405
258401
61504
270848
75600
90972
12150
408375
1600
10469
28561
92480
94192
3481
142560
33939
30564
99225
112896
60907
205204
4300
34983
70784
202500
1125
1764
297689
3549
96040
234099
314721
82944
18050
3136
41382
32538
9196
49152
14792
52488
783
533232
43350
7452
17739
82944
41350
143750
47493
105875
29241
160083
53754
157500
304624
168200
41236
35000
106032
61009
576
56320
12754
97104
15893
16128
51876
201684
178602
38416
26892
53910
21416
58564
65268
3200
83835
63375
95823
27225
18625
16335
322752
138675
41067
69300
27090
18225
492804
242208
867
205821
227527
266344
1575
67032
149400
26400
4896
81675
184671
41067
14400
15138
405769
16000
92416
120000
24900
15120
11025
172980
15876
84474
880
149058
106495
159446
1176
10593
50094
61250
85833
17918
66195
36300
19584
218489
1390
67081
17600
450
56355
59319
208658
252700
79550
29449
189728
278784
89232
44506
7986
185900
16900
183652
72900
30625
9723
17956
210681
542700
25104
81200
24025
41261
7569
68450
11964
7938
127008
18207
50000
5776
91200
37044
68951
2523
27216
130400
112581
42483
50355
67600
5625
192200
9270
10270
517500
12609
54450
110032
27648
199410
209457
1775
14789
48600
46208
131875
185612
216996
110032
444675
2781
12069
252160
332423
650775
11340
170093
132037
40500
17051
303601
6363
286464
47311
120000
3789
140439
4224
12834
198927
25992
70125
2940
307520
5350
34300
245917
50850
43200
3211
33102
83750
310763
54880
13750
87604
15714
6875
97061
521645
62361
1015
15408
256036
15059
154880
301180
210600
138240
368082
65219
57231
307520
132273
145071
8281
12936
3381
326216
20339
60500
15125
80451
548016
7551
19868
82944
2022
47952
1336
71839
270848
14641
539
38925
33462
240737
10752
55696
52488
13671
66248
16245
55024
12544
1873
54072
165888
6672
13689
46354
8741
9600
122525
8181
231984
6875
112288
55400
85054
8728
56074
92950
61191
89232
48400
229
192300
14401
15625
13057
78057
98010
54934
295360
2560
418
152100
242
31581
97344
29472
163350
130181
180075
62500
146410
37161
239841
19560
194481
10285
57188
14161
61009
536807
81356
81796
168
444675
18176
5832
30153
47937
49923
249344
25886
1521
35344
17150
26862
296208
269664
44475
6050
41405
204800
213444
92416
242
18519
24642
2518
264627
41209
38025
9016
92200
12688
25284
310960
153125
136900
147456
59600
84456
135200
14572
258453
6103
233472
8100
6627
883
38988
107648
17172
42050
50000
117325
95625
7200
90000
198254
15000
11025
22409
9035
275625
76875
681
84835
44469
46225
23322
370881
61347
90387
194400
22815
97200
4509
2704
42050
43350
84375
6174
274300
209952
4215
23409
6360
161172
372100
211680
44376
122247
160083
17424
7698
380250
3829
12544
20900
16900
64053
41067
16820
21780
6728
18225
39285
363482
387200
344619
107648
65610
136323
230496
131769
81796
20808
61250
44100
45600
6272
79599
143424
110000
152208
226576
78336
2790
18522
7582
128018
295750
30625
378
3328
148500
94880
31246
19881
34425
77372
13448
30870
3969
28672
100125
90000
18624
7516
480000
16900
880785
19208
302715
246402
21000
52900
26912
9636
251472
1058
15284
3600
25083
41616
30375
47628
7038
8498
18696
329043
69732
144400
27625
2050
126075
23550
1504
188538
189225
18277
8450
72324
157642
10580
73984
332024
3200
6727
40960
139968
11520
43320
16128
81796
3703
162936
94864
2950
34596
116800
81920
202762
91136
110687
38532
90828
6775
285131
128250
56448
139968
4167
81225
280908
178605
107448
24576
4770
23180
56316
196794
224874
4356
4896
28800
3136
204444
254898
4214
97344
16055
642978
60500
11200
225625
5537
24003
31250
245
18954
23409
70225
26912
9800
64009
72900
30132
24631
60492
3509
2704
207368
112000
148225
211600
6042
119601
30375
576
7605
36500
13392
425
201898
40222
13005
8061
11529
134915
6144
8464
42527
234099
31744
25639
1975
8640
4900
28560
95139
31267
2178
9917
10852
126025
34232
6023
6400
101724
9396
52488
15625
78525
53361
77077
244608
36064
189018
1049
3200
149769
368496
56644
209898
231173
325424
15602
25600
24548
12032
16384
27540
32500
3835
80836
2327
146205
12780
6125
139656
500000
31212
17328
3400
48672
107648
130050
228224
10080
68931
29056
43750
15264
90000
6727
21537
241425
67400
490268
63747
32692
46128
3386
41550
8959
55488
531325
12100
133569
133225
38988
7776
427063
25408
62453
5491
19360
43200
4593
20160
14739
76800
29655
16200
150528
152592
5427
282796
20667
181447
10443
4598
13448
33813
161900
45847
61434
93025
384054
55975
7290
4375
10118
8250
21708
24786
105800
117045
83025
239806
33517
70227
29366
3744
21517
36456
41160
12960
161190
1225
7018
52180
116178
32400
327789
14336
242172
7442
231489
52650
104976
15232
2091
279552
126536
12150
40000
245952
91908
122500
14244
406782
10494
42849
22471
7436
36000
14450
76832
285768
283220
97682
317400
15616
176868
25872
9075
147620
249018
46208
69984
29952
22748
134480
139392
7509
49284
3025
14520
6084
11264
115200
32634
10976
223124
46240
87808
103335
29500
65712
16218
493760
43022
13956
42728
92160
32769
11025
83200
47466
23914
5375
16875
29220
80736
218368
26487
3893
9174
16767
72384
112360
40898
30250
40915
156
207088
195075
407464
26877
19456
12992
64800
254506
100793
39200
140608
82418
45650
72900
40000
79475
276875
54243
15717
36125
22911
129792
449748
192027
3827
12896
70550
202521
210
7569
2775
143143
16428
23320
201243
116640
10125
142884
15239
36414
196875
111909
14661
88088
8748
39960
51048
664700
15488
522210
75383
158700
256036
1400
28616
271803
3920
82044
244205
5931
61852
131544
149221
21801
14283
155316
66700
15876
10647
142659
184832
26527
1488
90594
30784
185150
313200
46475
422500
162112
443784
3283
403025
15129
11175
2208
27540
85276
162972
240975
15606
4050
22090
31347
65200
2450
264556
90000
56781
252300
229392
3136
29751
125200
165120
16821
24152
16900
384400
8192
95256
65025
15125
93775
173056
244036
43700
122500
61600
336400
49545
23723
414736
257125
95697
11979
20871
216225
4203
52992
16384
120472
194181
14703
1760
9021
95232
430592
5184
121050
130355
178605
32805
56129
23275
63406
117649
1331
266511
18816
106496
352027
151900
16624
42229
87808
3146
12352
89401
295704
266805
14080
27540
29282
167042
195201
16384
318402
11436
65025
166464
238572
4624
99127
13056
25920
25578
70756
61965
304927
35443
972
254016
54208
32256
168200
36100
74529
3364
126075
54675
282240
181548
3451
4800
31250
81225
8100
71100
9251
58621
195364
589372
82764
10800
14850
511328
12393
218736
18325
36992
102850
43218
275128
95304
135738
17747
28224
8000
30976
211250
4608
147288
5109
96237
85698
178929
11425
6075
1080
112993
1458
16456
7227
89304
85698
4304
358956
57967
77841
152880
48598
340550
30968
14094
19360
68475
62658
103968
57475
167042
38400
9600
161472
30976
5645
39882
7943
2809
5445
4648
24336
3025
48600
2400
283200
20736
41616
52900
198695
47610
4356
52345
25856
4050
103684
168200
107648
381625
5913
374850
118784
6534
27225
347802
190333
576
89903
18150
237699
250563
11323
195364
2828
101680
10000
101250
28242
1636
125229
162240
13671
21299
63749
386334
2888
8019
6100
91295
26901
15360
27321
5929
514998
288684
32912
381938
304200
136080
7292
277108
2523
11250
23120
251275
142400
27648
183872
13200
25758
344960
21176
121104
2228
5324
62208
141120
10309
52488
38800
3330
369024
26908
539
94221
72912
26588
192
453750
204820
54675
353202
16928
42025
45387
4136
59049
439843
36100
1476
2873
440062
7004
50666
209525
159696
35231
50176
20000
21708
132496
584647
54450
8107
346957
71839
217948
46413
171396
470106
20817
29602
148257
3136
176720
31944
15488
18496
3240
359948
16184
30352
87725
338
88938
17248
20880
161712
15872
54900
11907
75690
27225
4356
10000
24316
302984
50625
98736
773
48400
22446
139968
61325
25289
28125
149454
28435
22032
8869
65709
179776
642735
16128
266952
20009
5504
129960
46250
1984
468
496860
46475
25191
31509
66785
141120
19333
38750
265696
163863
3721
89667
19
161733
235824
14259
275396
246356
15625
10378
65025
29178
6050
8262
44352
22491
325703
123201
1820
968
84100
123786
196677
13375
3364
38332
8766
8848
48050
33048
82500
15435
43344
10443
135424
7324
131544
83521
5491
8000
32400
7850
55000
217683
33340
164025
436425
50176
6930
10000
81088
29584
8344
16384
109520
57600
47040
114075
55628
262400
151020
15936
221952
31752
212000
109850
32599
29376
137984
27125
304200
204930
21632
12696
17787
123400
37004
7987
83349
68400
49005
120600
4766
375821
32549
226576
18225
61009
114244
37240
187550
289856
5148
157536
240291
14196
27760
31511
36300
53504
105625
298116
19992
15672
16700
30080
2560
89748
16992
8700
272322
184888
6312
111537
188356
195364
51200
15402
11072
12635
14688
267912
136250
4436
8591
9072
104040
33534
8978
161472
16807
128547
61250
55100
144000
3025
5721
69156
45850
7776
28561
17355
50625
46592
3000
75852
20925
6577
22076
18928
42525
47916
88209
60480
389529
164738
24576
7497
12186
417381
13310
141056
468480
150579
20250
31250
175150
207828
6989
3888
14161
236768
23075
7675
2916
68355
25353
46134
15350
5963
72050
26325
27716
8433
18997
6780
8128
62775
41808
45927
193600
237276
60507
13689
85583
275200
130100
318300
3565
17328
16641
7605
3747
329672
232897
108927
20808
43740
5888
134832
11858
87362
5733
1476
688
85504
272783
10558
196735
39366
39690
39083
479034
10164
55664
29160
3481
3698
208125
81585
466560
45084
50540
20448
442368
14320
56007
132496
13904
4007
13779
131072
13800
31752
26896
80656
161472
92450
1866
224812
7623
405952
90828
77468
3612
3577
150381
84525
174845
21175
219488
320400
15059
123201
39690
33275
13454
153664
4374
111619
36963
92050
51750
6200
9072
8100
192080
74892
11250
76050
72900
54675
3648
33856
21657
10140
34001
11560
169280
23328
15870
145800
36488
135736
124650
18928
168100
74416
207936
276672
28665
82026
5056
3675
101761
88200
7515
6250
68112
135000
23076
562432
443151
5376
258741
209484
9801
24548
38025
30645
7056
65025
4225
15488
131989
124659
98304
110592
151371
13851
4096
203264
525300
20903
46656
9806
40950
243049
100800
115200
23984
113398
10818
228528
102312
1024
18063
93636
15399
80000
51840
3025
8868
84700
16562
46464
374544
46240
143424
84835
272916
162729
118496
12288
49833
91125
63675
34596
2783
8649
131250
250880
4146
10816
5571
346357
8832
89232
2368
142373
19025
35235
87075
71114
48749
22050
367
31212
314432
59204
17303
771282
7200
232897
12342
352836
15606
221952
63175
24321
37500
9801
1100
109300
108927
118750
25049
22400
13924
675
164738
67392
17424
4692
16735
3362
176400
5776
168225
24624
213273
1539
57024
247408
60025
29862
429429
7694
21
10275
25921
2116
28125
302580
13689
16384
42834
13754
52020
10530
28457
127257
31790
145800
34225
40898
20570
26508
75816
208152
5760
32312
43923
2178
7516
5548
9800
25452
82418
106808
217971
765
214245
2209
2662
8092
12274
67048
46208
108045
347633
274846
259308
110032
900
43776
79650
122713
3087
11875
42135
40500
60120
31046
307328
55296
30276
215296
9126
54777
28469
39204
19728
8279
272
91008
2736
133229
5376
12916
142129
112592
21025
29241
118580
33776
16562
3696
34560
1011
66248
388800
1782
193536
42816
13005
2223
1764
98010
136900
41405
244783
38148
189728
152881
348480
16038
2468
141512
31305
15220
12636
9653
96720
28125
174240
7452
38808
423801
21952
29025
31213
47432
249088
12348
51425
59049
59995
63616
61875
54188
167088
80000
41262
559682
85500
305762
232562
60564
12691
26871
18050
20480
106820
5676
122202
11830
335405
2700
1383
8799
16200
598400
48400
38236
249617
11552
129605
54675
37120
37044
174239
80724
114075
13005
7245
195201
149744
26875
65920
4800
6125
30132
38720
88445
49375
233227
3364
21568
24200
19044
14256
3136
24525
11313
14400
127386
367993
281250
250563
24304
171396
6624
26244
292896
7168
50176
57550
44448
7744
116032
8036
115311
51030
70000
110450
8906
145000
3267
36864
64800
56628
121680
4205
5120
6962
109350
62703
61952
39377
98980
46782
39200
122500
73728
195264
51984
8775
43125
41472
34839
267903
415872
24505
91875
1568
6975
17537
9961
44296
118336
78030
7139
1012
3176
241758
55360
12258
34225
69075
53404
281600
173484
2000
30625
7416
138384
25632
51984
166392
59339
20088
26880
105625
5900
1458
27648
121141
15300
61740
55233
20808
34025
80064
35816
15717
121032
1083
45000
20000
7925
75754
60671
21724
10816
43218
11224
137984
172500
26000
63175
170108
45198
21852
80736
63882
162729
23232
10816
21904
26050
16929
19881
20700
7496
240189
261392
73568
9200
459172
24786
391911
936
135875
61560
86640
23814
499851
21780
21316
31212
49152
24832
17640
2645
3872
99264
39200
186624
26892
34875
31613
213399
169050
9408
6534
87040
38988
41984
4332
112710
209525
87464
48672
11745
107200
21627
91854
102827
24015
418
171875
157300
2166
65475
3763
8820
59536
5780
1445
131075
19894
130554
99164
262795
83824
4041
173806
28880
52672
11162
15200
5568
19714
186624
64800
18032
21636
13475
127575
241870
41472
6964
114244
170569
6615
14337
14884
16184
33800
9121
74816
25992
558900
16456
145200
384400
100000
163125
67392
29478
23463
48576
176400
214375
80275
65000
935
35600
50625
163072
3207
6673
14256
753424
270848
297297
103680
148968
68208
57996
18800
83993
7220
119025
51984
28322
7744
14880
23716
193600
119025
316875
80688
3996
67228
129600
34364
67473
194481
94178
126910
53792
348245
882
7967
198400
33708
3678
108300
55594
20144
7197
14157
29646
63536
86700
24500
16856
12943
21025
319920
117649
177147
159005
211876
35182
6534
80948
122304
26924
282416
87950
72000
11200
2200
122018
89298
7353
140481
649636
725151
6786
202124
146853
55488
1744
9369
2686
247107
38025
784
329476
7744
65610
26718
352800
13467
70800
190969
19125
47068
19360
233289
4998
124509
280908
15625
41743
275625
103968
239805
25432
59584
429066
17914
154875
193536
77924
378225
115425
27040
83259
14868
23120
52992
5041
9680
30589
59582
115920
192892
12996
36864
8490
170031
26019
165620
50176
236196
2916
69620
35378
169280
2074
27225
58336
127832
52488
84500
114075
35574
27104
383116
43433
13013
55296
168192
48841
28611
62135
107584
19602
78400
176418
19220
80064
84100
253472
244205
78408
147852
35301
20752
251775
351125
220900
933759
64512
58806
175232
72896
207616
55272
211288
55808
21160
3807
258187
252300
452574
235298
26934
7744
198904
234256
24025
57600
14375
262144
18304
22638
4032
105800
91875
79233
384400
28322
252
34969
357604
58408
529
104329
408483
81376
31372
833
204800
60552
904
84162
116964
5082
7168
8550
45625
74589
16174
4700
104496
47628
30899
5625
283582
29889
16204
13325
145152
22599
22037
338618
126450
44944
207368
17457
10900
18271
116880
85696
51200
123264
140714
71875
48888
7688
106352
54080
22218
63747
88750
20808
42849
451200
3900
87451
15552
81225
172725
106722
8112
175750
67200
4644
145656
245199
108900
83055
16272
25392
59584
447458
217800
46546
88000
28812
13220
92583
18738
3232
5765
54208
73008
37180
6137
41209
5376
227850
7350
118638
22050
61216
133100
114984
7056
36518
54675
94178
291600
17631
96100
16560
237600
15210
101761
12500
30258
15356
624
17405
30780
3971
176418
76800
18288
27378
22050
35600
10769
62208
382347
6865
3481
45056
19200
6419
248292
1014
33620
115520
78400
122740
18225
12615
19208
168399
23805
12675
188397
10890
11858
588
92350
28224
60025
1458
48510
93636
5121
462275
110976
202581
7056
68450
11520
438125
88096
78292
5616
65025
7776
11264
108241
242060
931
459270
87723
146205
51731
461736
110105
31736
16268
85456
44550
59643
243049
616812
338708
30976
52272
105625
124
2116
53900
14932
35378
512
10952
29403
52275
142884
14792
46225
32800
235248
33800
370625
18144
289575
28828
140450
69923
53361
1734
40050
32928
3114
7581
93654
133632
7943
31104
343035
94864
15800
105625
178802
159152
25872
91088
5025
11829
9072
11168
79299
10350
35972
66240
79600
268192
11178
57840
306
79092
19600
46208
26117
24843
19602
13225
62424
94640
2952
189317
303125
27200
18716
46452
52983
9664
111375
34969
49104
278516
15876
76313
55296
98982
115600
17150
77763
9126
529740
1324
598
4361
114224
15876
86576
105125
176400
61838
1298
19197
71424
1790
189225
26896
147928
256608
195662
171396
15625
11849
16400
8900
44044
130050
5760
62500
102245
67518
12500
18375
29100
197568
24809
7803
12321
14399
10492
34588
80408
55600
21475
3532
104976
626263
13338
423612
554496
106807
213075
20181
31250
187974
51200
247107
348480
134832
46575
10000
305283
264992
69696
3300
34055
10240
136323
521284
129980
228888
74700
183027
110400
44835
10800
5476
10268
78408
47396
16425
13096
1059
46746
19845
10571
33759
69696
5819
19600
4736
48672
122843
900
190
4708
272484
108416
1781
53760
231231
19904
153452
2364
5580
325992
70000
12624
241250
3920
88209
82800
143385
99704
12337
11800
33327
15367
130977
19675
133120
23104
165649
17346
218050
22869
107163
975
56320
35280
5408
132496
283520
16650
32700
19683
4508
30855
118976
1216
1664
42849
170172
16384
52479
9604
3240
78292
2880
364050
448592
44523
18522
48249
3070
7803
285660
18050
84700
14690
354
14283
5828
60492
49686
18358
18423
2299
235200
52400
58320
93217
118580
62426
12544
9800
154128
11332
32368
3249
2048
14014
98128
12518
37675
13230
533232
145483
117625
2535
963
196044
38880
157300
236555
310005
182070
148225
41067
17689
110250
85698
14400
298116
59823
534578
56
31460
8092
111350
128304
140608
39366
20473
10075
87725
11625
3177
163592
6992
204085
19203
17298
249812
97344
50094
1944
126750
35631
28322
98944
33327
72275
194688
14801
260091
62658
90558
8836
314070
23353
2013
117128
22833
19200
17280
229428
105633
116964
3172
50264
157500
34225
388416
125060
6057
143143
50944
9075
1862
111875
3600
105625
314928
80000
72900
59823
245760
1004
373
169344
275625
46225
3680
20808
198550
13794
512705
132250
301169
4176
5232
134162
82418
99072
71676
42189
12744
102400
25921
16112
12844
29204
110352
438599
192500
5043
19845
29400
20736
45000
131424
3610
24909
29889
53125
203522
4624
177984
5184
9408
2511
160325
65025
291600
11475
158171
279680
50864
40898
8036
5808
6468
220892
105125
1813
437532
4842
82800
312987
1725
58320
33345
50832
27508
15488
52900
316875
263169
150000
19793
28273
27136
480
4056
35378
55016
13552
80000
277255
15059
33125
1539
135142
98838
2025
334890
101124
80244
248832
168226
27195
736
16900
49450
135200
11216
46080
127296
12675
261075
106097
26052
1445
123264
35378
23232
16616
430000
11268
28561
58621
10500
13520
3136
18907
100860
5203
441392
186624
28096
341887
93632
151250
10926
1600
106752
154650
119070
78000
20412
88209
39200
7442
236992
118336
425
50625
12152
57673
92267
256671
50000
378432
202160
19166
31501
24325
8575
5200
17689
33516
15120
132500
235000
256711
5526
41616
9070
245025
5929
164738
50562
171072
146523
324
176720
24037
88128
41067
35301
14283
248
3136
192027
90459
61560
26288
808
34969
14475
14896
96100
18360
5776
179867
117045
28072
75625
43264
29241
4124
145408
15463
5046
82000
58750
174636
66320
1352
29375
72075
102400
43245
405
1331
6144
60863
1715
23569
102750
139587
107163
207360
588
45292
12659
3773
63225
14365
2304
18063
16297
6962
171500
323748
135424
66800
252300
45500
102851
168540
183600
151250
10240
64009
2178
77254
361911
95922
18150
116100
113436
56862
14738
76410
10952
256036
43264
15232
36225
5566
42100
76800
67500
54300
212195
65709
16900
21870
83968
25088
123904
51318
267696
34144
353808
194560
215475
6845
109976
248832
112694
10816
213248
22275
40229
7203
68231
50176
130464
8825
12943
541696
33813
155036
13225
600625
87723
88200
216384
21541
109512
83496
124659
254320
14792
103145
50176
187704
19881
28800
11907
90000
776
501236
34425
103933
75625
37008
37975
116487
44652
49588
104329
15588
30800
558900
16641
73728
109350
127008
45750
29524
225000
47151
5632
43264
17825
16559
66248
11163
43923
6144
847
11296
70688
23104
56628
93676
123008
27750
34969
4500
5590
37000
300
8450
340216
96800
120612
8448
164268
12584
260642
2401
345825
4114
53248
73728
21609
61009
8978
83232
269568
748
115500
102414
234065
5476
26010
65533
14308
79059
343255
151632
182500
45108
64896
53603
43659
625
162911
82418
1224
12100
39304
27744
92686
15484
6354
7920
202500
210681
194481
22382
29232
18304
317520
744
38148
59049
172380
77841
24320
38357
34596
64512
16875
32400
250047
57132
32768
65025
14305
45927
32544
11664
284310
24509
10404
171008
46332
60164
22707
14580
82800
141904
18150
3610
247009
12598
352473
647537
278480
4205
13524
193085
5976
261950
199045
54080
7250
46475
35856
112338
58892
30752
739
245388
23194
84474
194497
16731
141376
18509
215784
131769
89401
25350
1572
55136
215264
229320
22990
10347
143360
245000
152881
31096
133225
33282
60750
110224
25281
138015
11341
50625
32242
9126
52236
54675
153600
143189
70227
22444
19975
211136
393129
25921
47089
89667
123872
4500
61005
101761
343637
4900
255873
84425
1544
31752
7776
5604
143200
140450
33600
191250
313600
26880
106134
143359
199287
568936
2516
69696
54336
5022
5184
58989
9075
3969
3888
1773
39200
173280
237699
22500
43264
264000
6200
47432
54288
341138
178200
32666
279075
32500
1521
161604
43125
49152
42768
11988
145475
219
13520
94259
50706
11264
237699
101124
26896
25699
97682
109809
45980
28322
30380
24462
60368
39762
41216
4235
122112
13622
122536
118335
18432
80613
28177
109850
20286
101376
13680
4225
25725
18150
6700
103788
545860
7203
176128
9750
115300
73728
160
64512
58032
169932
72704
13100
9648
97200
6225
74958
129600
33124
8664
294588
128125
168200
407104
13754
11628
72090
41503
25137
46304
42282
27225
53428
1887
12321
80550
140625
51759
6480
2975
21060
260662
21025
135531
5929
38332
124000
28836
48841
374375
102425
514098
223729
48400
31250
841
29241
171616
18225
6624
70400
414736
46825
33744
78650
453024
494325
3751
5488
6859
325369
49122
22905
400788
117612
26136
78650
52877
189225
38475
80688
25250
298900
17787
8181
8038
54135
143208
48020
430817
18144
2096
79375
5850
69456
558
47432
32634
116865
115248
33372
25000
128547
121
4477
51301
127925
247009
320013
114611
72576
403319
164441
63175
16650
393202
20600
33822
100386
48841
196
65709
123900
120224
188922
77775
54925
196830
15129
2028
49680
17648
95680
57291
285120
71442
6976
31988
24498
166175
4802
190512
61893
156604
11271
116281
41616
231040
22090
384592
147591
42048
158700
3549
105876
23232
71148
67500
48841
83300
4175
640692
24375
77088
763
570112
14841
9296
1917
18855
10000
1058
1850
309082
404496
61050
189909
48600
15552
4900
12051
244036
4272
92764
18125
184632
562432
235200
168125
67081
22513
8959
13122
9991
233223
51200
2592
182250
73984
39366
85617
188324
501492
418950
32400
111600
27648
42135
147456
112148
336141
3920
82646
12951
346
102789
50193
90873
43075
139345
3844
70227
14400
7132
8833
3136
33800
299475
159232
21184
212400
61250
48400
53312
15004
5070
24548
132300
39675
84100
29241
11675
6272
249688
70980
117
131118
10584
765
39936
526592
3132
112500
86700
34300
1025
26244
176418
121104
10406
17101
209814
2520
54925
4015
1452
256
8712
7260
393094
122740
5577
68454
9310
900
14203
354896
118161
14775
31104
6740
21609
8064
45125
27325
22400
245025
53824
283392
23275
138880
40804
102752
170126
95659
13689
62974
30056
91368
28566
22841
61844
13690
45292
127933
298116
2106
127575
124722
20808
117504
13150
1008
131625
59711
30258
24321
16650
22032
167042
32076
43732
14496
124215
275625
9583
2355
18816
8275
5203
391127
130321
124852
13552
18375
2527
31248
12544
48600
11250
5655
229957
1953
77763
15463
3757
23232
67600
24429
35574
7825
7580
14464
150212
117
29645
76007
101675
3276
275282
216225
65219
80800
13750
49005
35520
383697
34122
311696
231040
1800
45815
2736
84099
14440
161792
145040
332928
111150
845
282534
98415
13068
2492
26450
42475
13328
328050
29602
46464
41876
43659
68121
53235
575532
6727
51989
13444
120213
22326
95992
40401
47432
202502
254408
26411
16000
1275
49572
40232
289
4592
1651
34344
44712
160631
94864
52164
188160
55125
27508
245025
28435
80919
238336
165888
50176
11466
505521
11123
61875
430610
28224
190575
61009
172800
192027
4900
144946
99372
25452
790272
42500
22726
8464
1690
1089
169884
4096
32500
241600
33908
228752
72675
14700
25600
515808
42320
44528
59048
584064
19602
203136
5085
32511
31689
61752
5120
133225
35739
36816
59612
29241
14994
40014
41209
128000
8244
42284
6272
102752
6084
19881
44650
494384
94864
280296
303646
28665
192080
21168
40572
6250
408240
69966
112896
55800
291312
576
9792
67280
1568
64827
203401
5521
132496
4394
89401
93636
3888
3553
302500
11760
36822
4056
2695
324900
111392
39200
118864
148835
11117
50864
27225
213444
34425
992
36400
17496
62500
130438
406593
157584
152339
96250
15341
6400
141512
204624
36100
456435
31213
123904
5200
15625
11374
9025
464
11434
27556
30700
26703
20808
42588
20000
12675
143325
8450
162624
255431
29068
33740
223729
55323
12844
23123
16819
14175
768
43264
184900
275400
28206
30976
67228
426888
91008
207999
1575
34969
450
118203
186494
44649
13718
25992
143325
126150
273175
231231
28880
139300
115989
132250
225423
98441
266616
75644
1127
46560
21386
31423
117975
24488
58029
31081
9728
227712
331298
165292
31212
119025
18450
10486
21025
18522
217566
164616
86528
141960
343296
2774
227556
10368
33614
103788
90112
39200
7325
684
4761
21904
58719
87725
232848
15925
37200
8379
8100
15066
64827
26075
1191
280000
207936
29800
81504
44965
324900
46818
2518
188604
95886
2775
7943
245
36464
12826
7623
158184
46464
10443
136958
66220
31205
576
47481
27783
245072
231472
262848
17500
302400
13181
24367
126405
31200
119025
75
71824
10976
103936
79200
41472
8721
7392
275301
35574
170471
25773
15463
34888
42284
293046
78732
65536
488448
297670
523712
14337
60137
56448
108900
291600
19043
12716
307500
39664
13428
13248
247107
10800
2331
7893
252150
32448
1178
30276
137200
19943
6156
56074
75712
116964
19395
19600
3600
5184
5184
39039
30251
47628
106352
132496
27297
12321
103275
4240
722
49152
84500
607420
25155
855
605052
73108
882
76050
21779
65575
113400
7442
8450
43706
94122
134977
768
22662
12288
20480
68250
8112
6225
101250
303
130095
171394
14112
143125
27202
29241
277191
141610
74529
40560
2803
18522
18207
228528
38088
249307
201243
48780
228513
46208
17650
21168
325850
150336
33124
89298
263430
63175
202917
63916
228096
129375
289600
67280
95992
128000
40000
165649
121104
33327
26225
78732
154644
16820
180625
18954
563598
11549
275560
218530
162000
15488
60000
4761
192276
106722
280908
18207
11776
84640
128877
19600
50430
207936
128797
55125
41984
95499
17658
61347
15876
571392
51008
483516
19115
4802
69632
66564
173056
79376
6171
35325
23488
2799
42050
23328
209814
150
2844
94208
53361
1458
2457
25392
1568
33462
82944
143750
72275
95348
80275
441
22748
9245
43681
39024
1350
57660
1280
15488
63075
46818
58320
15925
117772
175692
174845
163450
237748
247500
442368
35332
8619
60000
215775
12167
31325
131769
25011
87204
29120
49686
37752
10496
11376
71716
160719
569504
70756
9522
42050
14175
10160
29524
40000
445904
97284
169984
286273
108416
209741
6624
138975
133584
105625
22264
2601
38416
112896
314928
3348
89401
53750
44650
22414
24642
50192
35152
768
147456
3174
27700
20188
378880
1800
268324
47432
57764
144500
101250
6498
41472
92950
249090
36652
50400
36542
63650
83006
6727
162409
34290
170496
32400
147780
127449
48320
11772
91936
243675
421600
127413
141267
8543
86912
61504
18648
129600
142129
10794
41472
167088
293
1125
22400
10693
43218
307524
101761
95220
186624
11025
11529
60224
44064
117649
50752
6906
7744
31875
440
12321
26730
1936
19600
162000
149450
14176
18176
5103
5068
90000
50625
13676
292896
200704
44573
13520
78400
7935
273105
54150
122880
211932
12915
25168
113600
4949
14632
5172
211250
101761
3536
23193
132480
151875
1000
10571
35280
262144
826875
106281
9633
119511
10406
181500
66439
183799
49408
79083
141267
26607
25515
279841
104907
4719
81389
67507
38750
255792
288684
220608
40401
38478
81133
40460
70664
5408
49086
2157
51156
269451
11406
55080
5048
54756
50176
32400
127050
32960
270000
5824
164738
7452
17172
38196
16854
2888
203125
78732
6594
143748
20086
651605
82944
30625
171475
74536
251680
403280
182250
430592
92928
317844
141267
96100
10890
4357
84100
9760
154880
9075
19220
9245
5776
332800
122148
311052
72171
18050
30000
190969
64980
122018
22852
1897
20736
109021
14400
3503
11157
28900
19472
15633
70000
4725
126
175071
28188
202500
32912
6370
16562
11653
514188
85652
17150
128018
187792
16900
17457
1159
152500
314600
2166
84640
6156
3249
16767
27225
5733
45738
19712
315392
228448
133308
322944
31113
253500
28880
28512
49686
4805
5008
35301
19899
160000
367500
