1
5
15
36
75
141
245
400
621
925
1331
1860
2535
3381
4425
5696
7225
9045
11191
13700
16611
19965
23805
28176
33125
38701
44955
51940
59711
68325
77841
88320
99825
112421
126175
141156
157435
175085
194181
214800
237021
260925
286595
314116
343575
375061
408665
444480
482601
523125
566151
611780
660115
711261
765325
822416
882645
946125
12964
83293
157224
234878
316378
401849
491418
585214
683368
786013
893284
5311
122247
244226
371391
503887
641861
785462
934841
90144
251540
419179
593220
773824
961154
155368
356647
565153
781057
4525
235746
474890
722136
977665
241653
514299
795783
86287
386016
695156
13895
342444
680995
29742
388902
758673
139255
530871
933725
348023
773994
211841
661797
124069
598894
86483
587077
100891
628170
169133
724029
293081
876542
474639
87622
715743
359235
18354
693358
384486
92000
816164
557223
315445
91093
884439
695736
525260
373282
240075
125914
31076
955847
900494
865307
850571
856573
883602
931949
1900
93764
207831
344400
503772
686250
892139
121739
375373
653345
955968
283550
636422
14889
419286
849929
307136
791248
302580
841477
408258
3265
626842
279314
961036
672337
413569
185079
987223
820338
684784
580916
509091
469668
463008
489474
549431
643246
771288
933928
131532
364489
633169
937951
279209
657340
72715
525735
16775
546240
114509
721991
369069
56149
783639
551928
361428
212546
105691
41274
19708
41408
106791
216276
370284
569238
813563
103679
440029
823037
253129
730754
256335
830325
453151
125263
847113
619134
441782
315508
240765
218008
247694
330282
466233
656010
900078
198897
552950
962701
428616
951184
530868
168154
863530
617465
430451
302975
235526
228595
282675
398261
575850
815941
119028
485628
916239
411361
971517
597204
288942
47246
872640
765629
726741
756499
855428
24048
262902
572514
953417
406139
931231
529218
200648
946071
766018
661043
631695
678525
802086
2926
281616
638708
74756
590337
186002
862332
619882
459230
380949
385614
473802
646092
903065
245297
673387
187908
789463
478629
256006
122189
77775
123363
259554
486951
806159
217778
722431
320715
13250
800658
683542
662528
738237
911292
182311
551935
20779
589488
258681
29000
901089
875573
953100
134306
419850
810372
306514
908941
618292
435229
360409
394491
538136
792007
156762
633082
221622
923067
738076
667331
711509
871289
147345
540374
51047
680065
428103
295859
284026
393299
624375
977953
454727
55407
780705
631314
607950
711324
942149
301133
789007
406476
154268
33106
43715
186822
463156
873448
418424
98826
915398
868865
959975
189464
558091
66589
715721
506224
438858
514378
733541
97099
605827
260474
61812
10608
107631
353652
749444
295775
993436
843192
845831
2129
312885
778879
400893
179725
116168
211017
465069
879123
453973
190429
89296
151381
377493
768443
325037
48097
938447
996892
224253
621367
189045
928128
839431
923792
182037
615015
223549
8485
970671
110929
430125
929099
608693
469765
513168
739757
150382
745916
527206
495122
650529
994294
527279
250362
164416
270316
568939
61157
747865
629932
708250
983706
457182
129576
1781
74692
349206
826222
506634
391352
481281
777328
280395
991407
911263
40878
381183
933090
697513
675382
867622
275153
898918
739834
798841
76867
574863
293754
234488
398008
785259
397181
234730
298857
590515
110652
860239
840221
51559
495230
172185
83398
229838
612476
232278
90226
187297
524470
102719
923041
986407
293804
846235
644677
690130
983589
526044
318501
361961
657427
205897
8385
65900
379453
950057
778720
866466
214307
823278
694388
828669
227141
890847
820804
18045
483619
218549
223881
500656
49910
872702
970065
343048
992716
920108
126279
612300
379216
428095
760000
375989
277136
464510
939182
702218
754700
97698
732305
659588
880637
396530
208361
317219
724195
430375
436861
744750
355134
269121
487814
12311
843733
983175
431748
190572
260762
643435
339703
350694
677531
321332
283231
564357
165834
88802
334396
903753
798005
18293
565774
441579
646862
182765
50446
251058
785756
655690
862026
405918
288536
511045
74605
980399
229577
823333
762828
49239
683759
667555
1810
687723
726467
119231
867220
971613
433605
254400
435197
977197
881596
149599
782427
781275
147354
881891
986087
461159
308333
528830
123866
94673
442478
168503
273986
760160
628253
879509
515160
536454
944634
740938
926620
502922
471102
832413
588103
739436
287664
234055
579872
326373
474832
26511
982695
344636
113623
290933
877845
875633
285580
108978
347114
1270
72744
562829
472813
804000
557682
735167
337751
366746
823459
709192
25256
772978
953659
568616
619175
106650
32371
397663
203846
452256
144217
281069
864147
894781
374310
304082
685440
519722
808282
552462
753620
413102
532270
112474
155080
661449
632937
70909
976746
351796
197444
515063
306021
571702
313478
532737
230855
409224
69224
212251
839696
952945
553393
642444
221490
291939
855194
912653
465723
515820
64348
112727
662372
714693
271109
333048
901933
979182
566222
664489
275407
400416
40944
198435
874328
70050
787065
26797
790714
80244
896859
241991
117109
523670
463126
936945
946583
493505
579185
205085
372683
83445
338853
140377
489503
387705
836473
837285
391628
500998
166879
390771
174162
518556
425445
896337
932728
536123
708036
449969
763440
649955
111029
148186
762945
956820
731334
88012
28388
553991
666345
366983
657447
539267
13982
83140
748284
10945
872691
335050
399587
67848
341395
221778
710563
809304
519564
842915
780917
335139
507159
298543
710873
745719
404660
689284
601167
141894
313059
116244
553047
625054
333860
681069
668273
297073
569079
485889
49110
260358
121237
633367
798356
617821
93381
226664
19286
472879
589063
369467
815729
929475
712340
165961
291984
92043
567788
720857
552897
65557
260495
139357
703805
955489
896068
527203
850564
867809
580605
990628
99535
909020
420737
636377
557612
186123
523600
571721
332173
806652
996842
904436
531129
878625
948616
742803
262889
510586
487594
195622
636388
811598
722967
372212
761059
891222
764424
382390
746854
859538
722173
336492
704237
827138
706934
345366
744184
905126
829939
520372
978183
205111
202925
973382
518227
839235
938162
816773
476835
920124
148397
163441
967031
560930
946931
126801
102337
875324
447535
820773
996822
977475
764527
359775
765025
982071
12709
858765
522025
4305
307423
433185
383406
159903
764502
199010
465264
565082
500291
272720
884207
336571
631661
771307
757348
591625
275981
812268
202319
447997
551146
513619
337271
23959
575549
993895
280853
438302
468102
372122
152233
810315
348229
767866
71091
259799
335866
301177
157619
907088
551461
92638
532521
873000
115967
263337
317006
278879
150863
934874
632809
246588
778133
229347
602163
898495
120259
269394
347820
357466
300263
178144
993051
746907
441658
79245
661618
190708
668476
96857
477816
813299
105254
355652
566445
739594
877062
980814
52810
95033
109447
98025
62742
5575
928510
833514
722577
597684
460822
313980
159149
998329
833501
666669
499832
334991
174149
19311
872491
735684
610908
500176
405503
328906
272404
238018
227771
243688
287796
362124
468703
609566
786748
2279
258212
556581
899429
288794
726737
215293
756527
352478
5208
716781
489242
324659
225095
192615
229286
337177
518359
774905
108883
522384
17473
596245
260769
13137
855443
789762
818192
942826
165752
489081
914905
445318
82430
828353
685180
655027
740005
942227
263801
706858
273503
965871
786071
736235
818490
34958
387784
879094
511016
285694
205267
271876
487664
854776
375352
51548
885522
879413
35376
355582
842183
497333
323202
321955
495759
846783
377191
89163
984881
66501
336223
796221
448671
295765
339690
582635
26784
674344
527496
588444
859387
342519
40050
954192
87131
441097
18287
820928
851221
111383
603647
330220
293332
495208
938075
624155
555686
734901
164028
845318
780996
973310
424496
136806
112487
353788
862960
642249
693917
20214
623413
505761
669528
116972
850374
871989
184088
788958
688860
886078
382884
181566
284407
693692
411701
440730
783070
441007
416843
712875
331395
274711
545126
144938
76461
342004
943878
884389
165852
790598
760932
79175
747664
768710
144640
877797
970498
425076
243873
429226
983474
908951
208000
882980
936224
370081
186909
389061
978892
958752
331000
98004
262127
825734
791185
160849
937111
122323
718881
729148
155503
334
266024
954958
69509
612087
585069
990855
831833
110400
828969
989927
595677
648631
151189
105767
514776
380622
705727
492501
743370
460748
647065
304739
436204
43882
130211
697624
748549
285423
310692
826797
836174
341268
344533
848418
855367
367833
388278
919159
962928
522046
598983
196197
316162
961347
134209
837242
72900
843681
152043
481
391478
327512
811077
844655
430737
571823
270401
528975
350037
736095
689645
213192
309250
980328
228923
57562
468760
465027
48882
222853
989463
351223
310674
870345
32753
800452
175956
161816
760571
974755
806911
259584
335328
36685
366213
326458
919982
149328
17069
525766
677975
476261
923198
21341
773282
181573
248803
977549
370376
429879
158634
559233
634256
386292
817939
931783
730419
216444
392464
261073
824881
86479
48488
713517
84163
163053
952802
456013
675319
613334
272681
655992
765887
604995
175947
481383
523931
306228
830920
100634
118027
885744
406418
682712
717270
512745
71792
397075
491246
356966
996905
413714
610074
588647
352104
903125
244371
378533
308283
36302
565280
897895
36827
984786
744442
318495
709647
920588
954017
812635
499145
16252
366670
553101
578256
444848
155592
713212
120413
379930
494479
466785
299575
995585
557532
988163
290199
466391
519471
452180
267261
967466
555528
34203
406249
674412
841447
910111
883163
763364
553477
256267
874508
410955
868393
249581
557308
794344
963468
67454
109099
91181
16487
887813
707936
479656
205768
889076
532365
138443
710120
250187
761465
246749
708864
150609
574813
984286
381840
770310
152505
531264
909407
289756
675156
68426
472415
889953
323872
777027
252247
752391
280292
838813
430791
59086
726560
436056
190440
992580
845325
751547
714113
735892
819755
968575
185220
472581
833530
270941
787711
386711
70835
842979
706020
662858
716388
869507
125107
486103
955391
535869
230451
42046
973572
27921
208029
516806
957171
532038
244337
96993
92933
235086
526383
969757
568136
324464
241680
322725
570542
988076
578267
344071
288439
414324
724681
222460
910634
792150
869978
147076
626425
310980
203719
307615
625643
160773
915998
894285
98617
531993
197386
97792
236202
615609
239001
109382
229751
603109
232452
120792
271136
686493
369867
324278
552741
58266
843886
912608
267455
911466
847654
79048
608693
439608
574835
17404
770368
836754
219605
921980
946912
297450
976659
987578
333262
16775
41176
409526
124881
190313
608889
383671
517737
14153
876008
106358
708303
684910
39262
774458
893571
399690
295913
585333
271038
356132
843714
736878
38727
752380
880930
427486
395166
787083
606345
856076
539388
659409
219255
222058
670945
569038
919475
725382
989901
716162
907311
566482
696825
301478
383595
946325
992812
526209
549678
66369
79448
592076
607409
128612
158859
701319
759156
335543
433662
56683
207792
890170
106986
861446
156716
996006
382486
319363
809832
857083
464315
634736
371542
677945
557145
12351
46781
663648
866160
657534
40989
19753
597049
776095
560118
952354
956027
574370
810625
668022
149800
259207
999486
373868
385614
37966
334182
277508
871206
118519
22720
587070
814825
709250
273612
511187
425239
19041
295875
259011
911735
257314
299045
40206
484091
633982
493170
64948
352618
359470
88803
543925
728132
644729
297023
688330
821954
701208
329407
709875
845924
740875
398051
820784
12387
976210
715563
233786
534221
620198
495056
162136
624788
886350
950169
819594
497976
988675
295032
420418
368185
141694
744315
179399
450327
560461
513172
311833
959826
460514
817290
33521
112604
57917
872854
560790
125123
569253
896568
110458
214336
211596
105641
899883
597715
202553
717815
146900
493237
760236
951316
69891
119398
103255
24889
887736
695213
450760
157812
819813
440188
22385
569854
86026
574362
38297
481296
906805
318272
719168
112938
503057
892981
286168
686099
96229
520043
961007
422589
908280
421545
965879
544751
161653
820079
523504
275426
79338
938742
857121
837981
884823
1143
190460
456274
802094
231424
747791
354696
55663
854218
753868
758143
870568
94663
433971
892016
472324
178437
13892
982235
86986
331709
719942
255225
941121
781167
778923
937944
261780
754004
418163
257827
276561
477932
865509
442856
213553
181175
349299
721504
301364
92469
98404
322756
769114
441062
342200
476123
846428
456707
310568
411614
763450
369676
233908
359757
750836
410753
343132
551592
39747
811234
869664
218664
861877
802920
45426
593044
449397
618131
102880
907301
35018
489699
274979
394516
851963
650968
795195
288296
133939
335787
897505
822753
115200
778531
816405
232497
30491
214066
786903
752678
115076
877798
44512
618930
604731
5610
825278
67413
735737
833939
365724
334806
744894
599692
902920
658286
869514
540316
674420
275542
347414
893763
918311
424789
416937
898490
873178
344740
316924
793473
778125
274627
286735
818200
872768
454194
566242
212664
397228
123690
395822
217384
592152
523890
16371
73377
698685
896067
669304
22179
958491
482006
596527
305838
613739
524018
40472
166907
907124
264912
244090
848465
81832
948023
450830
594082
381589
817177
904660
647861
50605
116726
850053
254403
333623
91541
532001
658835
475884
986998
196008
106775
723148
48964
88090
844381
321680
523860
454775
118288
518271
658584
543096
175678
560210
700560
600605
264224
695305
897724
875366
632118
171869
498517
615948
528057
238741
751906
71439
201257
145258
907356
491446
901453
141276
214844
126067
878871
477163
924880
225933
384263
403792
288451
42173
668900
172555
557091
826442
984551
35356
982825
830886
583497
244611
818190
308177
718545
53241
316242
511506
643000
714693
730556
694562
610686
482905
315198
111546
875939
612348
324767
17185
693600
357991
14360
666711
319029
975329
639600
315854
8098
720348
456601
220877
17191
849567
722010
638548
603204
620003
692972
826140
23531
289192
627151
41438
536106
115182
782723
542760
399347
356533
418369
588908
872205
272310
793296
439210
214122
122097
167202
353506
685080
165990
800325
592148
545545
664597
953387
415993
56509
879031
887636
86417
479483
70917
864832
865315
76469
502413
147240
15066
110002
436161
997658
798603
843122
135329
679361
479329
539367
863604
456164
321187
462808
885164
592387
588625
878021
464713
352855
546596
50080
867474
2912
460572
244599
359161
808421
596537
727683
206021
35729
220980
765949
674806
951737
600916
626533
32766
823816
3851
577083
547691
919877
697831
885759
487855
508329
951386
821226
122058
858107
33565
652668
719619
238637
213950
649781
550348
919885
762614
82766
884588
172294
950142
222350
993180
266854
47631
339758
147477
475046
326711
706734
619365
68863
59496
595527
681214
320824
518633
278905
605920
503946
977267
30148
666891
891765
709055
123048
138040
758322
988180
831909
293806
378177
89316
431533
409126
26402
287677
197255
759456
978588
858968
404915
620757
510810
79399
330858
269509
899690
225720
251948
982711
422334
575172
445561
37846
356381
405508
189578
712951
979975
995007
762406
286533
571758
622439
442943
37639
410905
567107
510620
245821
777096
108812
245366
191136
950516
527881
927636
154160
211862
105132
838376
415981
842364
121916
259058
258192
123729
860089
471673
962912
338211
602005
758710
812751
768555
630551
403170
90845
698018
229112
688580
80849
410376
681599
898965
66916
189917
272414
318862
333718
321441
286492
233334
166432
90253
9266
927949
850761
782184
726695
688773
672899
683556
725229
802405
919573
81217
291844
555942
878008
262534
714035
237000
835948
515372
279788
133707
81642
128108
277622
534703
903872
389645
996561
729133
591897
589384
726127
6654
435516
17238
756375
657456
725033
963653
377858
972213
751257
719552
881655
242118
805516
576398
559336
758897
179643
826159
703004
814760
165997
761308
605260
702443
57435
674837
559224
715194
147333
860250
858528
146766
729579
611556
797309
291438
98559
223283
670223
443987
549199
990478
772438
899709
376909
208672
399627
954405
877632
173943
847989
904395
347802
182860
414214
46504
84386
532511
395525
678090
384856
520489
89643
96988
547189
444906
794815
601580
869881
604386
809779
490732
651933
298058
433799
63836
192865
825577
966658
620803
792716
487089
708630
462035
752016
583273
960522
888467
371821
415306
23632
201525
953706
284884
199798
703175
799737
494215
791349
695867
212506
346012
101119
482577
495124
143507
432482
366793
951200
190444
89296
652515
884855
791079
375952
644248
600729
250166
597339
647016
403974
872999
58858
966355
600254
965356
66436
908306
495738
833541
926505
779429
397114
784370
945995
886796
611582
125164
432362
537984
446847
163770
693581
41089
211133
208533
38118
704726
213176
568317
774979
838001
762224
552491
213647
750546
168023
470943
664152
752505
740859
634073
437008
154527
791502
352786
843262
267787
631248
938513
194452
403958
571905
703176
802656
875232
925793
959230
980436
994306
5730
19621
40873
74389
125074
197835
297581
429223
597674
807849
64658
373034
737891
164145
656735
220574
860605
581745
388934
287107
281201
376155
576910
888409
315590
863414
536816
340754
280181
360052
585324
960956
491902
183132
39611
66306
268186
650222
217380
974649
926992
79388
436832
4293
786770
789236
16680
474107
166496
98849
276163
703437
385665
327857
535018
12148
764270
796381
113494
720638
622816
825054
332366
149782
282327
735028
512907
621002
64339
847967
976909
456204
290900
486040
46662
977827
284563
971942
44996
508801
368400
628859
295232
372589
865995
780510
121203
893159
101430
751112
847268
394977
399327
865401
798277
203042
84792
448618
299606
642858
483464
826530
677150
40427
921480
325395
257295
722291
725489
272004
366960
15469
222659
993653
333562
247527
740677
818136
485037
746522
607721
73773
149826
841023
152495
89403
656896
860118
704222
194363
335705
133400
592616
718509
516244
990995
147917
992202
529002
763506
700884
346315
704987
782076
582767
112247
375712
378346
125342
621902
873216
884483
660904
207682
530029
633145
522239
202522
679214
957523
42659
939862
654332
191299
555995
753640
789463
668695
396569
978327
419192
724417
899236
948892
878630
693697
399342
816
503379
912279
232766
470113
629574
716412
735892
693281
593848
442864
245602
7337
733353
428915
99311
749831
385746
12350
634939
258790
889210
531480
190904
872788
582419
325107
106157
930883
804580
732566
720154
772659
895398
93683
372849
738212
195090
748824
404729
168143
44399
38832
156779
403579
784573
305097
970510
786145
757358
889500
187917
657978
305026
134427
151542
361734
770368
382804
204418
240581
496666
978048
690097
638199
827735
264081
952636
898773
107881
585365
336604
367000
681950
286846
187096
388103
895272
714003
849712
307803
93696
212806
670550
472340
623604
129758
996241
228459
831862
811867
173907
923431
65855
606639
551210
905018
673501
862113
476296
521508
3195
926826
297837
121701
403879
149827
365017
54909
224979
880698
27525
670956
816454
469498
635576
320164
528754
266826
539876
353388
712862
623786
91657
121981
720259
891987
642670
977822
902945
423550
545157
273274
613425
571122
151886
361247
204723
687848
816144
595142
30375
127385
891709
328872
444429
243916
732885
916876
801438
392122
694488
714084
456467
927203
131839
75952
765107
204857
400785
358455
83440
581322
857671
918066
768088
413320
859354
111763
176150
58099
763210
297064
665272
873426
927127
831978
593584
217552
709498
75019
319742
449275
469235
385241
202914
927884
565762
122182
602780
13173
359008
645913
879525
65476
209421
316996
393846
445618
477961
496526
506966
514936
526093
546096
580606
635286
715801
827818
977006
169029
409574
704309
58904
479052
970427
538705
189578
928740
761866
694654
732797
881990
147923
536309
52835
703218
493149
428342
514506
757352
162586
735937
483108
409825
521809
824783
324465
26589
936891
61081
404913
974115
774417
811565
91293
619358
401491
443446
750972
329813
185729
324475
751808
473480
495259
822908
462185
418864
698714
307499
250999
534989
165239
147535
487658
191384
264505
712808
542075
758104
366681
373608
784682
605695
842455
500758
586416
105229
63013
465579
318733
628297
400081
639911
353601
546981
225869
396099
63493
233889
913120
107007
821408
62141
835068
146011
829
405369
365473
886999
975793
637710
878614
704357
120800
133813
749261
973004
810911
268853
352710
68350
421657
418503
64769
366345
329109
958955
261758
243423
909843
266899
320502
76544
540933
719565
618345
243180
599986
694667
533136
121308
465107
570445
443243
89424
514920
725651
727546
526536
128554
539542
765430
812157
685664
391894
936799
326312
566396
662995
622062
449552
151422
733638
202147
562926
821933
985135
58494
47995
959611
799303
573055
286846
946664
558478
128280
662064
165805
645508
107152
556746
273
443746
893159
354508
833812
337064
870287
439478
50657
709846
423048
196289
35590
946981
936473
10093
173884
433870
796084
266554
851331
556440
387929
351841
454221
701116
98568
652642
369377
254835
315073
556150
984127
605060
425021
450077
686297
139745
816508
722647
864246
247377
878135
762589
906831
316941
999022
959151
203421
737941
568794
702086
143911
900386
977602
381666
118694
194797
616088
388675
518682
12221
875427
114402
735292
744210
147285
950662
160453
782814
823868
289754
186620
520609
297859
524524
206746
350683
962488
48302
614303
666636
211462
254951
803268
862573
439035
538832
168130
333111
39945
294818
103904
473393
409463
918308
6103
679060
943358
805192
270759
346265
37904
351886
294409
871687
89915
955325
474109
652496
496696
12928
207420
86388
656064
922668
892429
571578
966355
82981
927714
506772
826410
892864
712379
291202
635589
751784
646040
324612
793764
59741
128818
7251
701312
217254
561360
739894
759129
625340
344804
923807
368616
685528
880821
960782
931700
799866
571573
253116
850799
370907
819755
203632
528857
801730
28553
215651
369330
495905
601693
693013
776186
857535
943385
40056
153891
291214
458358
661658
907451
202069
551867
963181
442349
995732
629665
350506
164608
78326
98017
230040
480756
856528
363714
8688
797826
737485
834045
93874
523363
128877
916811
893534
65431
438903
20325
816102
832613
76253
553433
270538
233976
450150
925465
666321
679134
970315
546270
413421
578185
46974
826223
922341
341753
90893
176190
604075
380974
513329
7570
870150
107489
726051
732267
132584
933465
141340
762683
803935
271553
172003
511746
297238
534951
231345
392896
26068
137341
733190
820085
404505
492938
91860
207763
847134
16448
722217
970920
769052
123110
39600
525023
585875
228661
459895
286079
713731
749357
399472
670600
569253
101952
275227
95596
569593
703740
504568
978617
132408
972499
505408
737690
675881
326526
696179
791382
618686
184644
495818
558758
380023
966181
323781
459402
379604
90956
600036
913410
37646
979342
745056
341376
774892
52175
179826
164427
12569
730852
325857
804195
172451
437240
605158
682810
676803
593746
440250
222928
948402
623275
254173
847724
410537
949251
470479
980864
487023
995603
513225
46533
602173
186772
806987
469449
180812
947732
776846
674814
648291
703934
848402
88349
430452
881369
447760
136301
953670
906526
1544
245415
644811
206406
936897
842955
931274
208536
681446
356683
240949
340941
663358
214894
2259
32158
311298
846388
644132
711250
54450
680463
595994
807771
322510
146943
287797
751801
545679
676171
150005
973932
154670
698981
613594
905261
580722
646733
110038
977404
255565
951299
71344
622482
611462
45049
930024
273135
81167
360893
119081
362515
97967
332225
72065
324279
95647
392965
223017
592603
508511
977545
6490
602168
771368
520895
857563
788174
319539
458478
211799
586326
588871
226255
505308
432848
15702
260706
174684
764476
36903
998823
657054
18444
89843
878096
390036
632526
612410
336541
811781
44973
42990
812693
360931
694583
820509
745578
476661
20631
384370
574748
598644
462939
174516
740267
167065
461813
631395
682704
622635
458085
195953
843147
406556
893099
309669
663189
960563
208697
414520
584942
726882
847261
953002
51023
148265
251650
368109
504575
667983
865270
103368
389232
729798
132004
602811
149154
777998
496282
310968
229013
257376
403018
672902
73986
613251
297652
134167
129769
291433
626136
140850
842570
738265
834927
139536
659095
400581
370994
577329
26576
725748
681832
901838
392764
161624
215427
561184
205901
156600
420298
4007
914762
159565
745462
679466
968613
619927
640448
37204
817246
987599
555304
527411
910965
713006
940590
600761
700579
247092
247364
708454
637416
41313
927224
302195
173309
547637
432245
834215
760617
218530
215042
757236
852190
506991
728735
524506
901404
866517
426942
589785
362140
751117
763814
407338
688805
615319
193993
431949
336297
914163
172654
118907
760047
103187
155470
924027
415977
638469
598633
303608
760542
976571
958840
714496
250688
574574
693300
614021
343894
890085
259741
460039
498137
381202
116403
710918
171906
506556
722038
825531
824216
725276
535896
263263
914573
497003
17753
484025
903009
281897
627904
948226
250061
540630
827135
116780
416792
734379
76751
451141
864763
324833
838590
413247
56040
774207
574967
465562
453229
545207
748737
71055
519420
101065
823253
693221
718229
905532
262380
796046
513777
422843
530509
844042
370704
117773
92522
302226
754162
455602
413834
636141
129801
902115
960358
311821
963811
923609
198512
795833
722859
986900
595254
555235
874152
559309
618026
57611
885395
108676
734796
771064
224805
103353
414037
164181
361125
12197
124741
706096
763596
304584
336412
866427
901971
450395
519059
115311
246515
920030
143203
923418
268019
184387
679891
761895
437772
714904
600661
102422
227575
983503
377577
417198
109748
462625
483215
178913
557123
625237
390656
860790
43030
944804
573500
936543
41332
895303
505852
880412
26390
951230
662336
167142
473084
587586
518081
272004
856799
279891
548735
670767
653432
504177
230451
839712
339399
736981
39901
255632
391628
455352
454269
395846
287552
136858
951244
738171
505123
259579
9020
760936
522798
302100
106331
942989
819553
743525
722402
763683
874869
63456
336963
702890
168739
742035
430277
240987
181682
259881
483105
858877
394715
98153
976727
37947
289367
738515
392921
260131
347686
663129
213998
7847
52225
354683
922774
764046
886063
296377
2556
12163
332763
971923
937205
236180
876435
865531
211045
920570
1666
461937
308954
550311
193590
246389
716301
610914
937832
704647
918967
588388
720522
322969
403345
969261
28316
588146
656354
240559
348389
987467
165404
889848
168407
8726
418438
405171
976569
140257
903897
275111
261558
870885
110727
988756
512604
689940
528414
35685
219421
87278
646928
906031
872256
553274
956765
90390
961847
578794
948926
79912
979458
655230
114924
366238
416858
274479
946805
441521
766342
928964
937092
798433
520696
111592
578841
930151
173232
315817
365620
330364
217774
35577
791509
493287
148651
765343
351086
913633
460711
70
539462
86620
649307
235260
852246
508006
210304
966906
785559
674033
640093
691506
836041
81462
435556
906091
500837
227580
94101
108183
277611
610172
113648
795844
664539
727535
992629
467613
160295
78478
229967
622569
264086
162336
325132
760289
475617
478942
778085
380862
295105
528641
89292
984903
223286
812297
759759
73511
761408
831279
290969
148332
411217
87468
184945
711503
674992
83271
944215
265666
55503
321593
71798
313996
56053
305851
71260
360166
180443
539981
446658
908368
932993
528424
702561
463292
818521
776140
344050
530161
342371
788594
876732
614696
10399
71763
806705
223130
328973
132150
640593
862222
804966
476756
885532
39215
945763
613094
49156
261899
259261
49189
639639
38548
253883
293592
165632
877969
438550
855352
136326
289453
322695
244023
61410
782838
416270
969699
451092
868446
229732
542951
816085
57118
274057
474890
667614
860228
60726
277125
517423
789627
101739
461784
877768
357699
909608
541500
261403
77340
997343
29418
181615
461958
878480
439209
152189
25459
67060
285035
687429
282282
77650
81584
302137
747364
425315
344056
511648
936154
625632
588156
831795
364613
194690
330101
778923
549228
649104
86627
869896
6977
505980
374982
622083
255371
282950
712919
553372
812419
498158
618703
182156
196635
670253
611118
27347
927073
318396
209453
608369
523264
962274
933523
445144
505279
122058
303627
58120
393687
318466
840611
968264
709576
72700
65798
697027
974539
906495
501058
766400
710681
342070
668745
698872
440626
902191
91732
17444
687510
110101
293418
245643
974974
489590
797700
907494
827171
564932
128980
527527
768773
860927
812200
630805
324957
902880
372779
742889
21419
216608
336676
389852
384367
328454
230348
98286
940514
765259
580771
395295
217078
54369
915426
808488
741817
723670
762306
865986
42966
301525
649923
96422
649307
316837
107294
28955
90099
299007
663962
193242
895148
777955
849961
119452
594737
284099
195844
338273
719689
348390
232690
380898
801325
502277
492076
779039
371478
277721
506091
64906
962507
207202
807343
771249
107255
823712
928945
431295
339112
660741
404522
578811
191952
252305
768225
748062
200175
132932
554696
473825
898693
837662
299103
291396
822916
902033
537126
736583
508780
862109
804950
345692
492733
254459
639272
655562
311728
616178
577308
203523
503237
484852
156779
527438
605237
398593
915932
165661
156217
896025
393498
657079
695192
516270
128748
541070
761668
798983
661458
357538
895677
284310
531902
646899
637756
512930
280880
950074
528961
26013
449704
808496
110853
365262
580191
764117
925519
72871
214670
359394
515530
691567
895996
137303
423997
764568
167508
641332
194529
835618
573092
415467
371254
448966
657118
4220
498805
149380
964482
952622
122327
482140
40578
806188
787491
993031
431340
110966
40452
228343
683186
413523
427912
734906
343053
260917
497057
60027
958404
200732
795599
751560
77186
781064
871755
357836
247893
550507
274254
427726
19503
58181
552351
510599
941527
853725
255792
156336
563960
487262
934856
915344
437337
509455
140306
338514
112691
471465
423452
977284
141574
924972
336088
383569
76043
422154
430534
109824
468674
515722
259615
709009
872548
758885
376675
734582
841258
705364
335563
740527
928916
909399
690647
281333
690139
925735
996800
912015
680063
309629
809407
188072
454329
616864
684372
665550
569097
403714
178104
900979
581032
226979
847538
451408
47311
643971
250093
874412
525637
212500
943735
728057
574204
490909
486907
570935
751732
38032
438592
962150
617446
413236
358271
461304
731090
176379
805944
628532
652913
887852
342109
24460
943683
108530
527797
210247
164666
399835
924537
747550
877668
323673
94363
198531
644972
442476
599849
125885
29394
319181
4046
92805
594269
517244
870552
663003
903423
600626
763442
400689
521201
133800
247324
870606
12467
681765
887325
637988
942604
810011
249056
268595
877479
84547
898675
328699
383492
71908
402817
385077
27555
339127
328657
5018
377092
453749
243868
756337
25
983838
716642
207333
464809
497956
315669
926852
340390
565198
610172
484217
196240
755157
169865
449291
602343
637938
564995
392435
129181
784165
366300
884529
347769
764967
145044
496951
829620
151985
473003
801612
146752
517386
922458
370914
871723
433828
66195
777792
577568
474495
477540
595672
837862
213076
730303
398506
226671
223779
398813
760758
318594
81317
57918
257390
688728
360922
282978
463897
912682
638331
649858
956272
566577
489793
734935
311013
227053
492076
115098
105151
471262
222453
367762
916222
876861
258716
70833
322253
22012
179162
802750
901818
485417
562607
142436
233968
846262
988372
669361
898301
684252
36283
963479
474892
579611
286706
605263
544356
113068
320491
175705
687806
865878
719014
256309
486867
419780
64149
429084
523683
357053
938310
276551
380903
260474
924388
381750
641695
713339
605807
328226
889732
299442
566503
700043
709199
603110
390917
81763
684800
209161
664009
58481
401744
702946
971244
215790
445759
670307
898599
139795
403078
697612
32563
417120
860453
371734
960158
634894
405134
280065
268876
380758
624904
10502
546763
242872
108037
151461
382349
809908
443340
291863
364690
671036
220111
21141
83347
415952
28174
929254
128400
634864
457865
606645
90434
918485
100018
644297
560553
858040
546000
633691
130359
45266
387669
166820
391987
72426
217409
836203
938070
532281
628116
234843
361746
18097
213184
956290
256686
123673
566540
594571
217059
443306
282602
744253
837553
571805
956321
394
713354
104491
183132
958592
440174
637211
559017
214915
614237
766303
680442
365985
832272
88624
144392
8908
691520
201557
548378
741323
789741
702983
490402
161353
725200
191288
568992
867668
96674
265391
383181
459415
503466
524709
532521
536281
545370
569171
617069
698451
822706
999225
237394
546622
936299
415817
994591
682010
487486
420426
490239
706336
78123
615029
326457
221833
310578
602115
105862
831260
787724
984692
431590
137860
112939
366266
907282
745423
890141
350876
137084
258216
723725
543059
725682
281046
218619
547864
278239
419218
980270
970859
400458
278549
614609
418110
698540
465375
728107
496216
779198
586537
927733
812274
249657
249388
820968
973893
717668
61800
15805
589194
791473
632157
120763
266817
79833
569341
744859
615914
192035
482760
497615
246135
737864
982334
989086
767663
327610
678481
829818
791172
572096
182145
630883
927862
82636
104782
3858
789438
471077
58353
560846
988124
349757
655338
914441
136642
331540
508715
677756
848254
29795
231988
464423
736699
58410
439173
888586
416249
31778
744791
564887
501688
564811
763875
108494
608305
272919
111970
135087
351901
772045
405147
260851
348796
678623
259968
102483
215815
609613
293521
277199
570302
182480
123399
402720
30099
15208
367714
97279
213581
726293
645083
979635
739621
934729
574635
669031
227597
260029
776018
785250
297420
322232
869385
948573
569499
741875
475401
779793
664755
140000
215250
900222
204621
138182
710628
931677
811056
358494
583729
496487
106503
423521
457273
217500
713952
956367
954492
718076
256870
580634
699116
622073
359264
920457
315401
553875
645639
600462
428115
138371
741012
245801
662531
969
270912
482138
644434
767589
861394
935642
121
64642
138997
232987
356415
519086
730807
1380
340630
758363
264387
868533
580606
410434
367840
462649
704688
103779
669767
412471
341733
467390
799281
347240
121117
130757
386007
896716
672728
723903
60089
691157
626952
877342
452183
361347
614701
222107
193443
538582
267392
389757
915556
854663
216961
12342
250693
941903
95849
722445
831572
433127
537016
153133
291388
961686
173920
938020
263876
161415
640552
711197
383269
666696
571394
107288
284312
112388
601454
761436
602269
133890
366245
309268
972909
367099
501799
386951
32506
448424
644653
631150
417874
14786
431856
679042
766311
703632
500976
168316
715634
152893
490086
737187
904179
1040
37771
24354
970787
887049
783142
669063
554811
450387
365794
311037
296123
331061
425862
590539
835107
169576
603979
148323
812645
606956
541290
625676
870145
284723
879459
664376
649520
844932
260648
906727
793202
930129
327552
995538
944128
183379
723364
574130
745747
248273
91782
286343
842027
768900
77037
776529
877441
389854
323858
689538
496974
756262
477486
670746
346130
513742
183674
366034
70918
308438
88694
421802
317866
787006
839330
484955
734007
596600
82857
202910
966886
384900
467097
223603
664560
800098
640356
195475
475605
490884
251459
767486
49102
106474
949757
589094
34651
296596
385085
310283
82357
711483
207818
581549
842844
1873
68829
53886
967234
819044
619510
378821
107168
814751
511751
208372
914820
641282
397968
195083
42834
951437
931089
992010
144408
398514
764540
252700
873231
636344
552273
631247
883497
319249
948752
782229
829926
102077
608939
360743
367743
640188
188322
22405
152692
589440
342901
423343
841029
606217
729181
220183
89501
347408
4172
70077
555402
470421
825424
630689
896510
633169
850964
560181
771122
494077
739352
517241
838054
712089
149653
161062
756627
946654
741458
151356
186674
857733
174842
148340
788554
105799
110420
812750
223110
351851
209305
805820
151725
257379
133122
789310
236280
484399
544015
425485
139168
695432
104626
377129
523301
553511
478130
307531
52089
722188
328193
880499
389475
865520
319007
760339
199893
648076
115269
611883
148303
734944
382195
100468
900177
791717
785506
891957
121478
484500
991435
652697
478716
479917
666727
49568
638885
445097
478646
749969
269498
47681
94961
421783
38587
955836
183960
733433
614696
838213
414436
353833
666867
363996
455694
952430
864668
202881
977558
199155
878172
25069
650350
764486
377964
501280
144918
319378
35148
302732
132622
535326
521340
101169
285327
84316
508654
568847
275410
638867
669730
378520
775767
871989
677713
203468
459792
457211
206260
717483
1405
68581
929554
594855
75038
380659
522262
510400
355628
68503
659591
139439
518624
807704
17239
157812
239987
274337
271437
241864
196197
145017
98907
68452
64239
96857
176897
314952
521617
807489
183160
659245
246333
955043
795968
779724
916922
218168
694091
355294
212403
276039
556825
65379
812342
808329
63971
589915
396782
495216
895856
609336
646306
17404
733291
804602
241988
56109
257620
857178
865435
293052
150699
449041
198738
410466
94889
262687
924535
91096
773070
981124
725941
18206
868620
287851
286604
875572
65436
866914
290684
347461
47941
402836
422846
118680
501056
580680
368267
874541
110207
86000
812643
300847
561353
604883
442168
83941
540944
823907
943569
910671
735956
430169
4057
468376
833870
111285
311390
444935
522679
555383
553810
528725
490895
451089
420078
408635
427535
487555
599474
774073
22128
354438
781783
314945
964729
741914
657302
721690
945877
340657
916847
685238
656644
841874
251732
897045
788614
937263
353804
49065
33869
319041
915408
833792
85024
679951
629394
944197
635192
713227
189138
73777
377991
112622
288528
916562
7565
572415
621957
167052
218570
787376
884330
520301
706167
452794
771064
671847
166022
264477
978095
317747
294334
918745
201857
154577
787800
112409
139317
879425
343622
542827
487940
189870
659535
907841
945703
784038
433765
905812
211088
360532
365064
235613
983117
618495
152689
596643
961289
257561
496416
688792
845636
977897
96519
212469
336695
480154
653805
868609
135522
465523
869572
358631
943685
635693
445637
384494
463243
692865
84336
648655
396795
339752
488517
854083
447438
279586
361526
704259
318781
216104
407235
903183
714952
853562
330021
155353
340577
896714
834780
165800
900815
50833
626906
640053
101309
21718
412319
284146
648249
515666
897451
804646
248302
239479
789232
908611
608675
900492
795118
303618
437066
206524
623070
697770
441699
865941
981568
799661
331303
587586
579590
318404
815126
80835
126640
963638
602914
55576
332734
445486
404939
222202
908393
474611
931985
291618
564643
762174
895334
975248
13036
19841
6787
985014
965643
959818
978678
33357
135012
294781
523811
833251
234245
737960
355537
98140
976935
3062
187705
542022
77173
804341
734683
879379
249597
856528
711337
825212
209329
874887
833059
95034
672017
575187
815746
404884
353807
673716
375807
471292
971378
887267
230170
11307
241893
933145
96268
742504
883062
529167
692053
382942
613072
393669
735975
651220
150643
245492
947010
266428
215007
803996
44632
948189
525901
789039
748855
416610
803574
921005
780170
392338
768787
920783
859601
596518
142813
509774
708677
750807
647451
409898
49439
577374
4984
343580
604454
798907
938242
33757
96773
138592
170525
203885
249987
320148
425687
577925
788185
67785
428066
880350
435961
106239
902526
836145
918442
160751
574429
170807
961246
957081
169663
610359
290510
221480
414628
881315
632897
680746
36222
710708
715561
62154
761876
826090
266175
93519
319505
955518
12931
503154
437564
827561
684533
19877
845006
171300
10176
373039
271289
716342
719602
292482
446404
192778
543030
508574
100833
331239
211212
752188
965591
862854
455412
754709
772177
519257
7392
248034
252623
32608
599447
964586
139473
135579
964363
637272
165776
561347
835445
999539
65093
43594
946517
785325
571504
316535
31901
729094
419587
114876
826459
565815
344446
173849
65523
30969
81690
229191
484979
860563
367447
17151
821197
791088
938350
274497
811066
559568
531537
738502
191987
903539
884679
146944
701887
561035
735938
238134
79177
270616
824002
750881
62808
771354
888064
424499
392229
802819
667829
998835
807401
105100
903521
214220
48790
418812
335862
811532
857402
485061
706107
532126
974720
45472
756002
117890
142753
842196
227812
311224
104036
617868
864328
855033
601602
115656
408825
492727
378989
79240
605118
968249
180261
252805
197513
26026
749994
381048
930849
411032
833262
209178
550449
868725
175658
482923
802176
145075
523301
948516
432384
986592
622801
352695
187953
140256
221287
442731
816275
353601
66407
966393
65233
374645
906321
671955
683257
951932
489680
308217
419254
834504
565675
624491
22664
771929
883995
370587
243439
514280
194834
296841
832036
812149
248919
154094
539417
416626
797475
693706
117070
79327
592232
667535
316995
552380
385446
827965
891697
588411
929885
927885
594186
940572
978815
720696
177998
362513
286021
960318
397181
608417
605814
401169
6281
432958
692996
798200
760377
591336
302888
906853
415032
839256
191330
483089
726349
932935
114667
283388
450922
629102
829763
64735
345871
685005
93973
584634
168821
858397
665199
601087
677916
907543
301820
872622
631798
591220
762755
158265
789635
668724
807414
217575
911100
899856
195726
810609
756378
44922
688146
697929
86166
864768
45613
640623
661687
120710
29606
400284
244648
574618
402102
739024
597296
988846
925590
419453
482369
126260
363064
204707
663131
750266
478051
858434
903351
624747
34569
144773
967310
514119
797169
828410
619801
183303
530886
674508
626136
397739
1288
448763
752132
923372
974462
917383
764118
526652
216972
847074
428935
974562
495936
5061
513943
34569
578956
159095
787007
474687
234153
77418
16497
63407
230167
528798
971323
569760
336143
282501
420865
763268
321738
108319
135050
413972
957128
776556
884310
292432
12980
58007
439568
169713
260508
724014
572287
817399
471410
546396
54421
7565
417903
297505
658457
512833
872723
750205
157366
106302
609104
677858
324659
561611
400806
854352
934345
652890
22094
54073
760938
154788
247752
51940
579478
842480
853069
623370
165510
491625
613839
544285
295098
878422
306382
591133
744811
779561
707530
540867
291723
972258
594613
170952
713441
234227
745487
259372
788063
343715
938513
584616
294206
79460
952564
925685
11006
220726
567025
62085
718111
547282
561800
773862
195660
839409
717298
841539
224332
877900
814440
46165
585304
444060
634659
169315
60258
319713
959907
993062
431409
287188
572634
299977
481463
129326
255816
873178
993652
629487
792941
496260
751706
571529
967995
953358
539881
739836
565483
29091
142938
919297
370429
508625
346157
895313
168362
177603
935323
453797
745330
822208
696726
381181
887879
229107
417182
464402
383074
185507
884019
490909
18499
479113
885063
248663
582250
898142
208659
526144
862921
231316
643678
112330
649625
267890
979482
796732
731994
797617
5945
369345
900165
610755
513481
620704
944787
498088
292981
341835
657021
250905
135869
324290
828547
661014
834081
360126
251543
520721
180044
241912
718720
622858
966732
762736
23273
760762
987596
716184
958944
728282
36613
896368
319945
319779
908293
97898
901042
330133
397616
115917
497478
554729
300109
746066
905036
789464
411797
784491
919990
830747
529217
27857
339133
475499
449418
273355
959784
521160
969968
318667
579746
765675
888933
962001
997362
7494
4898
2056
11459
45600
116974
238078
421411
679474
24763
469797
27069
709102
528393
497462
628824
934996
428490
121834
27551
158166
526206
144193
24665
180155
623198
366324
422079
803004
521635
590524
22211
829259
24198
619602
628012
61985
934094
256879
42917
304773
55007
306195
70901
361705
191175
571895
516437
37382
147320
858836
184503
136924
728690
972387
880610
465956
741031
718429
410753
830615
990615
903362
581467
37543
284212
334084
199778
893922
429125
818026
73238
207404
233148
163103
9904
786195
504601
177770
818352
438978
52302
670980
307649
974976
685602
452191
287402
203896
214336
331387
567716
935992
448879
119057
959208
981995
200097
626209
273000
153162
279382
664349
320747
261276
498631
45502
914602
118611
670253
582219
867223
537967
607169
87535
991794
332642
122812
375025
101997
316460
31134
258755
12047
303750
146592
553317
536657
109353
284155
73801
491045
548629
259304
635830
690955
437436
888039
55511
952636
592158
986858
149491
92842
829684
372778
734915
928867
967415
863342
629433
278475
823264
276577
651221
959984
215656
431050
618960
792189
963542
145819
351843
594418
886357
240468
669582
186504
804069
535086
392387
388799
537151
850274
340994
22153
906595
7138
336644
907949
733891
827324
201090
868054
841055
132948
756604
724868
50601
746680
825956
301296
185576
491667
232435
420762
69518
191589
799856
907195
526491
670638
352518
585029
381057
753504
715260
279224
458304
265396
713412
815252
583825
32042
172823
19076
583725
879682
919868
717206
284621
635047
781406
736629
513649
125401
584829
904865
98443
178520
158034
49932
867170
622685
329437
381
648481
286682
927959
585261
271560
999830
783026
634126
566103
591932
724590
977056
362304
893331
583108
444629
490883
734861
189549
867956
783065
947882
375401
78632
70580
364252
972657
908799
185691
816362
813815
191069
961159
137087
731899
758608
230243
159842
560438
445059
826749
718540
133473
84598
584960
647599
285564
511913
339692
781963
851776
562190
926273
957081
667679
71134
180522
8907
569369
874976
938805
773935
393447
810431
37958
89129
977033
714747
315371
792007
157738
425677
608918
720564
773720
781493
756992
713328
663614
620965
598498
609332
666588
783389
972860
248121
622315
108559
720000
469759
370980
436802
680366
114808
753287
608936
694911
24356
610438
466298
605100
39996
784161
850744
252910
3833
116682
604628
480837
758491
450760
570830
131875
147085
629645
592735
49544
13270
497106
514240
77869
201199
897431
179754
61387
555537
675406
434205
845154
921461
676343
123019
274717
144653
746059
92148
196163
71328
730883
188049
456077
548199
477656
257691
901556
422484
833738
148555
380202
541927
646987
708641
740150
754777
765787
786447
830026
909795
39020
230990
498975
856254
316101
891813
596661
443939
446936
618943
973253
523154
281950
262940
479425
944708
672087
674876
966384
559915
468789
706321
285821
220615
524024
209364
289967
779160
690265
36613
831551
88393
820497
41181
763807
1697
768217
76693
940495
372953
387434
997293
215873
56547
532676
657616
444732
907398
58969
912837
482354
780909
821872
618622
184540
533016
677428
631163
407610
20160
482213
807157
8382
99301
93308
3806
844207
627904
368313
78845
772920
463939
165326
890507
652889
465902
342971
297523
342987
492794
760377
159164
702606
404128
277178
335199
591636
59929
753541
685909
870493
320741
50117
72080
400091
47606
28097
355031
41870
102092
549170
396572
657782
346272
475530
59032
110270
642731
669897
205259
262317
854566
995496
698606
977404
845386
316057
402931
119510
479312
495843
182618
553161
620984
399608
902563
143360
135540
892632
428153
755650
888651
840693
625315
256058
746472
110088
360467
511151
575691
567640
500553
387987
243501
80656
913022
754150
617614
516983
465828
477722
566240
744959
27451
427311
958115
633441
466883
472030
662473
51798
653614
481504
549074
869925
457653
325870
488183
958201
749528
875784
350577
187531
400265
2393
7545
429346
281416
577391
330895
555568
265038
472949
192933
438638
223700
561771
466491
951516
30483
717066
24899
967660
558987
812555
742020
361047
683310
722471
492201
6173
278069
321559
150322
778046
218400
485083
591775
552165
379944
88805
692450
204562
638854
9013
328756
611781
871795
122500
377621
650864
955944
306571
716478
199372
768990
439043
223265
135385
189134
398245
776453
337488
95096
63018
254997
684778
366101
312722
538392
56857
881886
27215
506624
333860
522693
86881
40198
396413
169290
372609
20138
125661
702957
765800
327973
403268
5465
148360
845744
111396
959132
402728
455997
132733
446746
411834
41804
350472
351642
59127
486749
648318
557653
228575
674914
910488
949124
804651
490900
21704
410905
672333
819827
867228
828379
717125
547313
332792
87413
825036
559502
304675
74414
882587
743043
669654
676287
776811
985097
315011
780442
395253
173330
128554
274808
625977
195941
998603
47833
357545
941627
813969
988477
479045
299583
463996
986191
880070
159544
838540
930959
450718
411743
827955
713270
81613
946925
323114
224125
663891
656340
215409
355044
89179
431764
396737
998052
249644
165478
759507
45672
37944
750282
196633
390974
347263
79467
601562
927512
71283
46864
868232
549352
104212
546802
891100
151086
340763
474115
565135
627818
676161
724163
785825
875150
6136
192804
449156
789203
226951
776429
451640
266610
235360
371913
690294
204523
928643
876671
62640
500599
204571
188602
466733
53000
961462
206145
801119
760421
98104
828237
964863
522041
513839
954320
857542
237572
108486
484355
379245
807238
782404
318822
430580
131754
436436
358706
912660
112375
971965
505504
727103
650854
290858
661225
776053
649449
295522
728390
962159
10937
888862
610032
188575
638621
974288
209696
358988
436288
455729
431446
377576
308258
237633
179844
149036
159356
224953
359978
578584
894926
323154
877441
571934
420803
438213
638331
35319
643362
476619
549272
875498
469469
345373
517393
999714
806516
951995
450335
315736
562393
204496
256251
731859
645516
11427
843813
156862
964806
281837
122184
500064
429689
925287
1067
671275
950124
851843
390663
580824
436554
972097
201678
139552
799962
197139
345344
258819
951822
438592
733398
850490
804127
608570
278082
826935
269382
619706
892171
101043
260611
385145
488924
586229
691343
818551
982140
196392
475612
834086
286102
845971
527978
346431
315633
449889
763506
270786
986054
923609
97766
522856
213184
183078
446861
18851
913389
144783
727385
675514
3505
725709
856451
410072
400922
843346
751684
140285
23507
415703
331221
784425
789667
361308
513718
261255
618293
599194
218329
490078
428809
48899
364734
390688
141144
630494
873118
883405
675746
264534
664171
889047
953561
872114
659109
328951
896054
374813
779653
124973
425202
694750
948036
199474
463501
754535
86996
475327
933952
477297
119804
875917
760061
786684
970229
325134
865860
606842
562538
747401
175879
862443
821538
67625
615181
478657
672527
211253
109313
381180
41322
104223
584362
496213
854266
672999
966906
750469
38179
844543
184035
71166
520435
546336
163372
386055
228885
706378
833038
623378
91913
253167
121652
711896
38408
115727
958380
580882
997778
223587
272858
160121
899922
506788
995276
379917
675272
895883
56294
171072
254765
321930
387126
464914
569857
716520
919470
193269
552502
11728
585536
288489
135173
140169
318060
683431
250862
34949
50283
311457
833066
629700
715965
106455
815787
858552
249357
2818
133546
656154
585250
935458
721390
957674
658926
839778
514850
698778
406186
651714
449990
815658
763350
307707
463379
245004
667236
744717
492098
924039
55181
900202
473740
790470
865048
712139
346410
782537
35177
119017
48725
838985
504462
59844
519821
899071
212274
474133
699332
902564
98517
301902
527411
789745
103600
483695
944730
501407
168444
960561
892459
978862
234482
674054
312287
163913
243659
566254
146422
998910
138432
579746
337577
426673
861777
657627
828977
390569
357161
743506
564352
834463
568591
781504
487958
702725
440565
716254
544556
940251
918107
492901
679419
492435
946739
57102
838332
305197
472502
355033
967592
324962
441956
333368
14001
498667
802166
939307
924901
773761
500702
120541
648104
98198
485660
825308
131962
420465
705641
2316
325339
689540
109751
600827
177597
854920
647629
570580
638624
866614
269398
861847
658806
675143
925721
425398
189048
231540
567745
212529
180774
487357
147150
175041
585913
394644
616128
265247
356899
905977
927369
435972
446692
974430
34075
640553
808757
553596
889988
832839
397064
597587
449320
967191
166109
61013
666830
998482
70893
899017
497768
882097
66929
67219
897910
573933
110242
521793
823530
30399
157369
219390
231421
208423
165359
117194
78895
65431
91773
172894
323769
559375
894691
344691
924372
648705
532684
591298
839538
292390
964863
871940
28620
449918
150823
146347
451497
81275
50699
374782
68532
146973
625124
517999
840628
608029
835236
537271
729172
425965
642692
394383
696084
562829
9661
51632
703789
981174
898838
471834
715224
644058
273395
618303
693838
515065
97051
454872
603592
558284
334023
945893
408959
738316
949040
56209
74924
20267
907336
751210
566991
369776
174664
996763
851162
752973
717303
759261
893958
136500
502016
5609
662412
487532
496099
703238
124069
773735
667353
820063
246993
963294
984091
324525
999753
24899
415131
185584
351416
927780
929824
372705
271589
641637
498005
855865
730377
136710
90042
605546
698390
383751
676815
592756
146757
354010
229695
789008
47126
19256
720593
166320
371650
351777
121904
697243
92987
324359
406563
354812
184321
910314
547996
112595
619341
83445
520148
944672
372241
818102
297476
825614
417741
89105
854956
730525
731066
871828
168055
635014
287946
142115
212780
515202
64637
876364
965636
347722
37900
51443
403626
109719
185008
644774
504293
778857
483746
634256
245671
333291
912411
998321
606320
751716
449805
715899
565298
13311
75256
766446
102182
97795
768604
129916
197068
985385
510180
786796
830557
656796
280848
718057
983755
93276
61977
905203
638287
276585
835455
330236
776297
188981
583661
975691
380427
813248
289507
824587
433845
132661
936417
860476
920224
131035
508306
67408
823742
792683
989629
429966
129096
102416
365325
933224
821509
45585
620873
562768
886688
608039
742243
304710
310866
776132
715924
145667
80795
536737
528917
72768
183732
877246
168735
73654
607446
785549
623410
136478
340211
250055
881472
249905
370827
259692
931970
403112
688599
803893
764465
585788
283337
872596
369030
788134
145377
456258
736257
856
265560
545855
857236
215193
635239
132861
723576
422875
246272
209276
327398
616151
91043
767605
661342
787782
162441
800858
718546
931041
453867
302564
492667
39706
959234
266771
977881
108088
672960
688032
168855
130989
589989
561405
60796
103730
705770
882474
649409
22144
16257
647321
930904
882583
517937
852554
902010
681890
207781
495279
559968
417441
83293
573128
902538
87117
142482
84231
927978
689318
383869
27244
635065
222935
806487
401328
23088
687399
409874
206149
91855
82625
194094
441899
841679
409068
159716
109268
273371
667674
307821
209472
388282
859908
640002
744232
188254
987747
158357
715774
675655
53673
865517
126843
853351
60701
764597
980710
724727
12337
859245
281123
293680
912613
153607
32377
564626
766052
652362
239265
542479
577710
360673
907092
232672
353148
284236
41661
641157
98439
429252
649322
774384
820175
802434
736902
639322
525439
411000
311754
243452
221847
262694
381750
594774
917527
365765
955267
701786
621098
728974
41180
573505
341712
361587
648911
219460
89026
273396
788359
649699
873216
474698
469949
874768
704949
976302
704625
905732
595425
789522
503829
754168
556349
926198
879529
432165
599938
398668
844191
952331
738921
219796
410800
327765
986539
402951
592860
572106
356538
962014
404373
699484
863197
911371
859867
724548
521279
265927
974368
662459
346080
41106
763421
528890
353401
252837
243083
340026
559555
917561
429930
112564
981367
52217
341036
863720
636167
674291
994001
611201
541811
801746
406916
373247
716660
453071
598412
168603
179580
647274
587611
16526
949970
403861
394154
936792
47706
742864
38194
949668
493218
684813
540403
75947
307413
250757
921951
336948
511731
462264
204520
754481
128110
341400
410325
350868
179014
910757
562072
148957
687412
193418
682986
172101
676778
213006
796804
444165
171105
993642
927775
989526
194905
559945
100653
833066
773195
937074
340725
186
931497
150672
673769
516813
695852
226922
126075
409358
92813
192498
724466
704765
149452
74593
496249
430476
893346
900919
469264
614459
352570
699679
671856
285180
555739
499609
132875
471631
531959
329950
881704
203302
310855
220455
948210
510209
922571
201389
362786
422866
397742
303529
156344
972313
767543
558164
360301
190081
63633
997095
6579
108241
318211
652628
127626
759362
563967
557595
756395
176511
834110
745333
926344
393295
162354
249684
671450
443812
582946
105016
26202
362679
130617
346202
25608
185025
840638
8620
705181
946498
748764
128174
100932
683237
891283
741273
249412
431914
304981
884831
187663
229706
27170
596281
953253
114302
95667
913575
584241
123903
548801
875163
119219
297222
425406
520014
597291
673484
764842
887616
58052
292419
606967
17948
541637
194283
992165
951536
88665
419837
961318
729376
740295
10347
555827
393004
538170
7605
817612
984468
524466
453908
789091
546307
741864
392058
513201
121593
233550
865383
33391
753910
43236
917709
393629
487333
215139
593381
638381
366470
793988
937263
812632
436434
825017
994717
961879
742850
353979
811624
132124
331848
427146
434377
369902
250084
91288
909888
722239
544719
393701
285560
236673
263419
382179
609336
961275
454376
105035
929650
944600
166280
611101
295448
235729
448347
949707
756209
884269
350291
170695
361896
940311
922352
324440
163005
454472
215261
461808
210537
477888
280289
634184
556005
62193
169198
893465
251427
259547
934276
292053
349347
122608
628302
882883
902814
704560
304588
719374
965382
59078
16951
855478
591124
240377
819727
345645
834632
303163
767743
244851
750996
302661
916359
608577
395825
294608
321433
492809
825247
335253
39349
954059
95881
481357
126996
49330
264886
790193
641775
836172
389912
319539
641592
372605
529128
127699
184872
717196
741215
273482
330559
929003
85359
816209
138095
67596
621279
815706
667448
193078
409178
332318
979084
366043
509792
426909
133981
647604
984362
160841
193650
99379
894634
596002
220093
783519
302873
794778
275831
762659
271863
820074
423897
99960
864893
735307
727836
859109
145750
604406
251698
104270
178761
491812
60059
900161
28744
462478
218000
311970
761043
581869
791114
405432
441493
915962
845499
246773
136462
531239
447772
902745
912830
494708
665069
440591
837968
873882
565024
928094
979780
736779
215790
433521
406668
151936
686039
25672
187560
188409
44934
773859
391889
915759
362178
747885
89593
404045
707965
18079
351136
723866
153001
655296
247480
946312
768525
730875
850113
142985
626260
316681
231014
386020
798462
485098
462702
748043
357885
309008
618187
302192
377809
861819
770998
122131
932019
217430
995176
282029
94798
450280
365267
856567
940976
635299
956350
920931
545853
847936
843988
550826
985276
164145
104270
822476
335576
660413
813811
812603
673624
413711
49703
598448
76775
501543
889592
257764
622924
1911
411594
868823
390450
993350
694372
510388
458265
554872
817080
261755
905786
766036
859391
202725
812935
706892
901490
413611
260153
458009
24067
975238
328400
100468
308345
968936
99134
715869
836038
476554
654339
386303
689372
580460
76490
194394
951099
363520
448602
223271
704469
909126
854181
556575
33251
301161
377245
278452
21733
624048
102338
473574
754708
962701
114509
227111
317467
402546
499319
624759
795841
29535
342834
752712
276145
930132
731646
697683
845234
191285
752845
546897
590447
900496
494040
388091
599656
145737
43352
309514
961238
15527
489421
399927
764075
598883
921385
748603
97568
985327
428894
445320
51637
264893
102124
580382
716707
528148
31756
244591
183701
866150
308983
529275
544082
370469
25503
526260
889804
133201
273540
327891
313333
246947
145816
27025
907668
804820
735579
717038
766292
900438
136568
491797
983221
627938
443062
445702
652969
81969
749831
673658
870576
357699
152157
271075
731580
550794
745855
333889
332038
757439
627224
958541
768526
74324
893096
241970
138111
598672
640801
281655
538400
428190
968195
175566
67484
661118
973632
22192
823994
396194
755985
920541
907045
732682
414639
970112
416278
770344
49491
270930
451853
609461
760957
923546
114428
350826
649944
28988
505187
95744
817892
688838
725812
946039
366739
5148
878504
4019
398949
80517
65969
372546
17484
18035
391446
154959
325832
921318
958665
455130
427979
894473
871868
377429
428430
42133
235816
26745
432202
469457
155789
508486
544824
282088
737572
928558
872337
586202
87448
393379
521287
488473
312240
9893
598746
96094
519262
885556
212284
516777
816347
128308
469997
858732
311833
846643
480479
230681
114584
149525
352843
741879
333969
146465
196714
502065
79862
947472
122229
621511
462663
663053
240037
210987
593270
404248
661299
381789
583100
282602
497681
245711
544082
410172
861375
915073
588657
899527
865071
502686
829778
863741
621978
121894
380903
416407
245817
886553
356016
671637
850828
911010
869606
744041
551742
310138
36660
748748
463823
199329
972712
801399
702840
694480
793766
18140
385067
911993
616366
515650
627304
968789
557561
411092
546849
982301
734912
822162
261519
70467
266485
867054
889650
351758
270872
664481
550069
945136
867170
333668
362136
970075
174974
994359
445716
546568
314419
766789
921186
795127
406131
771726
909428
836762
571255
130436
531843
793002
931448
964718
910351
785888
608872
396848
167363
937973
726215
549649
425830
372315
406663
546435
809194
212498
773928
511039
441409
582611
952220
567806
446955
607248
66261
841593
950817
411522
241306
457762
78478
121058
603101
542201
955968
862000
277904
221296
709787
760983
392499
621959
466975
945175
74168
871600
355077
542242
450719
98141
502150
680376
650458
430037
36756
488267
802210
996234
87983
95124
35305
926190
785424
630675
479606
349882
259170
225139
265460
397806
639852
9268
523747
200956
58585
114319
385845
890852
647024
672061
983658
599505
537308
814768
449581
459459
862109
675233
916549
603763
754597
386761
517981
165971
348461
83169
387829
280163
777909
898793
660550
80917
177640
968460
471106
703337
682893
427523
954985
283018
429391
411854
248166
956095
553390
57823
487168
859187
191644
502326
809001
129439
481433
882757
351187
904522
560535
337022
251774
322584
567247
3553
649315
522320
640378
21287
682868
642916
919249
529673
492010
824077
543686
668665
216830
206013
654041
578736
997936
929467
391164
400871
976427
135659
896431
276567
293928
966363
311709
347833
92583
563823
779405
757190
515041
70823
442410
647664
704456
630659
444148
162800
804501
387118
928548
446662
959361
484520
40037
643812
313726
67683
923589
899331
12812
281951
724648
358805
202340
273166
589198
168346
28536
187689
663728
474571
638152
172393
95232
424602
178431
374663
31230
166080
797156
942396
619747
847165
642594
23987
9306
616508
863545
768378
348970
623293
609307
324981
788293
17202
29697
843755
477341
948450
275051
475143
566706
567729
496203
370121
207478
26271
844506
680170
551273
475820
471818
557276
750205
68611
530523
153944
956907
957419
173503
623198
324517
295496
554166
118553
6699
236641
826418
794064
157622
935151
144677
804270
931967
545821
663894
304236
484913
223979
539504
449546
972179
125458
927475
396282
549968
406603
984273
301045
375016
224264
866883
320948
604564
735817
732802
613616
396358
99129
740039
337179
908670
472607
47108
650293
300263
15142
813056
712112
730440
886165
197407
682309
358988
245584
360232
721069
346227
253854
462093
989089
852982
71921
664071
647571
40576
861257
127752
858243
70872
783825
15248
783331
106224
2114
489176
585580
309505
679139
712658
428247
844100
978399
849335
475101
873899
63912
63353
890423
563311
100229
519391
838999
77257
252392
382612
486134
581177
685962
818712
997652
241002
567005
993885
539868
223196
62106
74837
279630
694728
338369
228807
384291
823072
563396
623525
21709
776221
905308
427233
360268
722680
532731
808699
568850
831466
614817
937189
816856
272101
321216
982488
274192
214633
822104
114886
111290
829615
288148
505206
499087
288098
890555
324755
609025
761673
801016
745373
613065
422415
191748
939398
683680
442932
235487
79680
993855
996337
105467
339602
717080
256241
975448
893038
27364
396795
19674
914374
99235
592641
412943
578515
107719
18933
330530
60878
228361
851358
948243
537399
637218
266080
442381
184505
510852
439810
989783
179156
26344
549750
767772
698817
361294
773621
954204
921458
693800
289649
727433
25561
202472
276586
266332
190141
66446
913689
750293
594704
465363
380713
359199
419268
579369
857953
273466
844377
589129
526188
674015
51066
675820
566730
742272
220910
21124
161389
660182
535975
807256
492501
610202
178839
216908
742900
775301
332606
433319
95932
338953
180878
640219
735476
485158
907783
21850
845895
398414
697940
762987
612078
263738
736501
48882
219426
266659
209116
65334
853859
593218
301961
998640
701788
429961
201710
35588
950157
963960
95556
363520
786408
382778
171204
170255
398502
874518
616871
644145
974919
627767
621279
974040
704630
831645
373669
349302
777139
675770
63794
959826
382448
350279
881926
995991
711085
45821
18821
648702
954076
953564
665789
109376
302959
265160
14610
569949
949805
172808
257611
222848
87162
869205
587610
261033
908132
547546
197937
877969
606287
401559
282448
267619
375739
625477
35497
624486
411105
414038
651964
143557
907514
962506
327220
20352
60593
466636
257169
450896
66509
122716
638220
631719
121920
127539
667287
759870
424003
678410
541803
32903
170440
973139
459713
648905
559439
210048
619474
806447
789706
587992
220048
704626
60459
306310
460923
543051
571449
564874
542085
521843
522911
564054
664039
841635
115606
504739
27795
703565
550814
588330
834896
309290
30306
16733
287362
860986
756393
992387
587760
561320
931870
718208
939148
613492
760058
397652
545096
221200
444790
234680
609700
588668
190411
433765
337554
920618
201778
199885
933778
422284
684260
738544
603983
299426
843731
255737
554313
758309
886584
957999
991417
5696
19717
52342
122442
248890
450561
746332
155075
695685
387031
248005
297494
554387
37568
765944
758396
33821
611132
509216
746983
343331
317174
687421
472976
692759
365678
510657
146608
292459
967133
189541
978631
353311
332526
935209
180281
86693
673384
959288
963348
704509
201718
473931
540092
419154
130072
691810
123313
443556
671495
826095
926323
991148
39534
90468
162918
275861
448276
699144
47441
512166
112292
866822
794733
915025
246686
808727
620133
699912
67060
740596
739513
82820
789542
878678
369243
280261
630751
439727
726219
509245
807839
641023
27828
987301
538456
700344
491997
932463
40771
835987
337137
563284
533472
266754
782192
98829
235738
211973
46597
758682
367281
891477
350327
762918
148311
525597
913848
332138
799564
335197
958138
687462
542267
541646
704694
50501
598180
366818
375525
643406
189561
33106
193152
688812
539194
763422
380608
409880
870361
781169
161431
30283
406856
310276
759685
774213
372999
575191
399925
866353
993615
800860
307239
531912
494027
212741
707220
996618
100091
36818
825966
486690
38168
499580
890094
228880
535131
828021
126726
450445
818358
249647
763517
379147
115739
992497
28599
243267
655697
285087
150651
271598
667139
356480
358843
693445
379498
436230
882864
738618
22719
754410
952908
637446
827266
541598
799688
620770
24087
28891
654429
919943
844684
447905
748868
766823
521029
30747
315247
393787
285634
10057
586334
33724
371516
618980
795395
920042
12197
91159
176208
286633
441725
660777
963084
367936
894646
562501
390811
398881
606018
31524
694724
614917
811425
303558
110642
251998
746949
614813
874924
546604
649191
202011
224406
735713
755264
302400
396471
56815
302786
153726
628993
747933
529901
994261
160358
47567
675251
62761
229478
194764
977997
598536
75763
429062
677805
841373
939149
990518
14860
31578
60056
119687
229866
409990
679458
57664
564025
217932
38799
46035
259051
697260
380070
326905
557184
90321
945753
142884
701162
640002
978842
737108
934242
589674
722850
353204
500186
183234
421802
235332
643282
665098
320235
628157
608316
280173
663198
776849
640593
273899
696245
927097
985930
892221
665449
325095
890649
381582
817395
217563
601591
988965
399173
851726
366109
961837
658399
475307
432068
548191
843187
336562
47838
996539
202163
684252
462315
555884
984486
767643
924893
475762
439792
836520
685478
6207
818264
141173
994502
397779
370569
932425
102888
901536
347907
461576
262099
769048
1976
980473
724089
252404
585000
741447
741324
604212
349694
997362
566789
77571
549306
1573
453981
926120
437582
7975
656909
403975
268787
270954
430087
765799
297698
45408
28548
266739
779604
586761
707844
162475
970299
150928
724018
709192
126089
994364
333639
163573
503813
374001
793795
782841
360794
547318
362065
824703
954888
772285
296561
547392
544442
307384
855900
209653
388336
411623
299197
70743
745955
344508
886107
390431
877189
366064
876769
428991
42440
736828
531848
447216
502643
717842
112521
706411
519217
570667
880484
468386
354107
557376
97917
995477
269770
940554
27547
550511
529175
983291
932599
396848
395796
949196
76789
798353
133626
102383
724387
19389
7170
707499
140133
324859
281445
29668
589314
980157
221973
334561
337701
251182
94795
888340
651598
404373
166464
957679
797807
706660
704045
809771
43642
425485
975108
712321
656950
828816
247735
933546
906062
185112
790541
742168
59828
763372
872625
407428
387631
833079
763612
199079
159338
664242
733639
387386
645349
527382
53348
243119
116555
693532
993914
37567
844387
434230
826989
42531
100753
21533
824765
530324
158108
728017
259932
773764
289398
826749
405706
46181
768088
591322
535801
621438
868148
295841
924450
773882
864067
214923
846391
778386
30839
623697
576881
910335
643991
797797
391689
445619
979534
13369
567096
660654
313998
547092
379888
832354
924446
676129
107370
238145
88418
678169
27359
155979
84001
831413
418184
864313
189773
414567
558679
642102
684831
706863
