899999999998900
899999999998901
899999999998902
899999999998903
899999999998904
899999999998905
899999999998906
899999999998907
899999999998908
899999999998909
899999999998910
899999999998911
899999999998912
899999999998913
899999999998914
899999999998915
899999999998916
899999999998917
899999999998918
899999999998919
899999999998920
899999999998921
899999999998922
899999999998923
899999999998924
899999999998925
899999999998926
899999999998927
899999999998928
899999999998929
899999999998930
899999999998931
899999999998932
899999999998933
899999999998934
899999999998935
899999999998936
899999999998937
899999999998938
899999999998939
899999999998940
899999999998941
899999999998942
899999999998943
899999999998944
899999999998945
899999999998946
899999999998947
899999999998948
899999999998949
899999999998950
899999999998951
899999999998952
899999999998953
899999999998954
899999999998955
899999999998956
899999999998957
899999999998958
899999999998959
899999999998960
899999999998961
899999999998962
899999999998963
899999999998964
899999999998965
899999999998966
899999999998967
899999999998968
899999999998969
899999999998970
899999999998971
899999999998972
899999999998973
899999999998974
899999999998975
899999999998976
899999999998977
899999999998978
899999999998979
899999999998980
899999999998981
899999999998982
899999999998983
899999999998984
899999999998985
899999999998986
899999999998987
899999999998988
899999999998989
899999999998990
899999999998991
899999999998992
899999999998993
899999999998994
899999999998995
899999999998996
899999999998997
899999999998998
899999999998999
899999999999000
899999999999001
899999999999002
899999999999003
899999999999004
899999999999005
899999999999006
899999999999007
899999999999008
899999999999009
899999999999010
899999999999011
899999999999012
899999999999013
899999999999014
899999999999015
899999999999016
899999999999017
899999999999018
899999999999019
899999999999020
899999999999021
899999999999022
899999999999023
899999999999024
899999999999025
899999999999026
899999999999027
899999999999028
899999999999029
899999999999030
899999999999031
899999999999032
899999999999033
899999999999034
899999999999035
899999999999036
899999999999037
899999999999038
899999999999039
899999999999040
899999999999041
899999999999042
899999999999043
899999999999044
899999999999045
899999999999046
899999999999047
899999999999048
899999999999049
899999999999050
899999999999051
899999999999052
899999999999053
899999999999054
899999999999055
899999999999056
899999999999057
899999999999058
899999999999059
899999999999060
899999999999061
899999999999062
899999999999063
899999999999064
899999999999065
899999999999066
899999999999067
899999999999068
899999999999069
899999999999070
899999999999071
899999999999072
899999999999073
899999999999074
899999999999075
899999999999076
899999999999077
899999999999078
899999999999079
899999999999080
899999999999081
899999999999082
899999999999083
899999999999084
899999999999085
899999999999086
899999999999087
899999999999088
899999999999089
899999999999090
899999999999091
899999999999092
899999999999093
899999999999094
899999999999095
899999999999096
899999999999097
899999999999098
899999999999099
899999999999100
899999999999101
899999999999102
899999999999103
899999999999104
899999999999105
899999999999106
899999999999107
899999999999108
899999999999109
899999999999110
899999999999111
899999999999112
899999999999113
899999999999114
899999999999115
899999999999116
899999999999117
899999999999118
899999999999119
899999999999120
899999999999121
899999999999122
899999999999123
899999999999124
899999999999125
899999999999126
899999999999127
899999999999128
899999999999129
899999999999130
899999999999131
899999999999132
899999999999133
899999999999134
899999999999135
899999999999136
899999999999137
899999999999138
899999999999139
899999999999140
899999999999141
899999999999142
899999999999143
899999999999144
899999999999145
899999999999146
899999999999147
899999999999148
899999999999149
899999999999150
899999999999151
899999999999152
899999999999153
899999999999154
899999999999155
899999999999156
899999999999157
899999999999158
899999999999159
899999999999160
899999999999161
899999999999162
899999999999163
899999999999164
899999999999165
899999999999166
899999999999167
899999999999168
899999999999169
899999999999170
899999999999171
899999999999172
899999999999173
899999999999174
899999999999175
899999999999176
899999999999177
899999999999178
899999999999179
899999999999180
899999999999181
899999999999182
899999999999183
899999999999184
899999999999185
899999999999186
899999999999187
899999999999188
899999999999189
899999999999190
899999999999191
899999999999192
899999999999193
899999999999194
899999999999195
899999999999196
899999999999197
899999999999198
899999999999199
899999999999200
899999999999201
899999999999202
899999999999203
899999999999204
899999999999205
899999999999206
899999999999207
899999999999208
899999999999209
899999999999210
899999999999211
899999999999212
899999999999213
899999999999214
899999999999215
899999999999216
899999999999217
899999999999218
899999999999219
899999999999220
899999999999221
899999999999222
899999999999223
899999999999224
899999999999225
899999999999226
899999999999227
899999999999228
899999999999229
899999999999230
899999999999231
899999999999232
899999999999233
899999999999234
899999999999235
899999999999236
899999999999237
899999999999238
899999999999239
899999999999240
899999999999241
899999999999242
899999999999243
899999999999244
899999999999245
899999999999246
899999999999247
899999999999248
899999999999249
899999999999250
899999999999251
899999999999252
899999999999253
899999999999254
899999999999255
899999999999256
899999999999257
899999999999258
899999999999259
899999999999260
899999999999261
899999999999262
899999999999263
899999999999264
899999999999265
899999999999266
899999999999267
899999999999268
899999999999269
899999999999270
899999999999271
899999999999272
899999999999273
899999999999274
899999999999275
899999999999276
899999999999277
899999999999278
899999999999279
899999999999280
899999999999281
899999999999282
899999999999283
899999999999284
899999999999285
899999999999286
899999999999287
899999999999288
899999999999289
899999999999290
899999999999291
899999999999292
899999999999293
899999999999294
899999999999295
899999999999296
899999999999297
899999999999298
899999999999299
899999999999300
899999999999301
899999999999302
899999999999303
899999999999304
899999999999305
899999999999306
899999999999307
899999999999308
899999999999309
899999999999310
899999999999311
899999999999312
899999999999313
899999999999314
899999999999315
899999999999316
899999999999317
899999999999318
899999999999319
899999999999320
899999999999321
899999999999322
899999999999323
899999999999324
899999999999325
899999999999326
899999999999327
899999999999328
899999999999329
899999999999330
899999999999331
899999999999332
899999999999333
899999999999334
899999999999335
899999999999336
899999999999337
899999999999338
899999999999339
899999999999340
899999999999341
899999999999342
899999999999343
899999999999344
899999999999345
899999999999346
899999999999347
899999999999348
899999999999349
899999999999350
899999999999351
899999999999352
899999999999353
899999999999354
899999999999355
899999999999356
899999999999357
899999999999358
899999999999359
899999999999360
899999999999361
899999999999362
899999999999363
899999999999364
899999999999365
899999999999366
899999999999367
899999999999368
899999999999369
899999999999370
899999999999371
899999999999372
899999999999373
899999999999374
899999999999375
899999999999376
899999999999377
899999999999378
899999999999379
899999999999380
899999999999381
899999999999382
899999999999383
899999999999384
899999999999385
899999999999386
899999999999387
899999999999388
899999999999389
899999999999390
899999999999391
899999999999392
899999999999393
899999999999394
899999999999395
899999999999396
899999999999397
899999999999398
899999999999399
899999999999400
899999999999401
899999999999402
899999999999403
899999999999404
899999999999405
899999999999406
899999999999407
899999999999408
899999999999409
899999999999410
899999999999411
899999999999412
899999999999413
899999999999414
899999999999415
899999999999416
899999999999417
899999999999418
899999999999419
899999999999420
899999999999421
899999999999422
899999999999423
899999999999424
899999999999425
899999999999426
899999999999427
899999999999428
899999999999429
899999999999430
899999999999431
899999999999432
899999999999433
899999999999434
899999999999435
899999999999436
899999999999437
899999999999438
899999999999439
899999999999440
899999999999441
899999999999442
899999999999443
899999999999444
899999999999445
899999999999446
899999999999447
899999999999448
899999999999449
899999999999450
899999999999451
899999999999452
899999999999453
899999999999454
899999999999455
899999999999456
899999999999457
899999999999458
899999999999459
899999999999460
899999999999461
899999999999462
899999999999463
899999999999464
899999999999465
899999999999466
899999999999467
899999999999468
899999999999469
899999999999470
899999999999471
899999999999472
899999999999473
899999999999474
899999999999475
899999999999476
899999999999477
899999999999478
899999999999479
899999999999480
899999999999481
899999999999482
899999999999483
899999999999484
899999999999485
899999999999486
899999999999487
899999999999488
899999999999489
899999999999490
899999999999491
899999999999492
899999999999493
899999999999494
899999999999495
899999999999496
899999999999497
899999999999498
899999999999499
899999999999500
899999999999501
899999999999502
899999999999503
899999999999504
899999999999505
899999999999506
899999999999507
899999999999508
899999999999509
899999999999510
899999999999511
899999999999512
899999999999513
899999999999514
899999999999515
899999999999516
899999999999517
899999999999518
899999999999519
899999999999520
899999999999521
899999999999522
899999999999523
899999999999524
899999999999525
899999999999526
899999999999527
899999999999528
899999999999529
899999999999530
899999999999531
899999999999532
899999999999533
899999999999534
899999999999535
899999999999536
899999999999537
899999999999538
899999999999539
899999999999540
899999999999541
899999999999542
899999999999543
899999999999544
899999999999545
899999999999546
899999999999547
899999999999548
899999999999549
899999999999550
899999999999551
899999999999552
899999999999553
899999999999554
899999999999555
899999999999556
899999999999557
899999999999558
899999999999559
899999999999560
899999999999561
899999999999562
899999999999563
899999999999564
899999999999565
899999999999566
899999999999567
899999999999568
899999999999569
899999999999570
899999999999571
899999999999572
899999999999573
899999999999574
899999999999575
899999999999576
899999999999577
899999999999578
899999999999579
899999999999580
899999999999581
899999999999582
899999999999583
899999999999584
899999999999585
899999999999586
899999999999587
899999999999588
899999999999589
899999999999590
899999999999591
899999999999592
899999999999593
899999999999594
899999999999595
899999999999596
899999999999597
899999999999598
899999999999599
899999999999600
899999999999601
899999999999602
899999999999603
899999999999604
899999999999605
899999999999606
899999999999607
899999999999608
899999999999609
899999999999610
899999999999611
899999999999612
899999999999613
899999999999614
899999999999615
899999999999616
899999999999617
899999999999618
899999999999619
899999999999620
899999999999621
899999999999622
899999999999623
899999999999624
899999999999625
899999999999626
899999999999627
899999999999628
899999999999629
899999999999630
899999999999631
899999999999632
899999999999633
899999999999634
899999999999635
899999999999636
899999999999637
899999999999638
899999999999639
899999999999640
899999999999641
899999999999642
899999999999643
899999999999644
899999999999645
899999999999646
899999999999647
899999999999648
899999999999649
899999999999650
899999999999651
899999999999652
899999999999653
899999999999654
899999999999655
899999999999656
899999999999657
899999999999658
899999999999659
899999999999660
899999999999661
899999999999662
899999999999663
899999999999664
899999999999665
899999999999666
899999999999667
899999999999668
899999999999669
899999999999670
899999999999671
899999999999672
899999999999673
899999999999674
899999999999675
899999999999676
899999999999677
899999999999678
899999999999679
899999999999680
899999999999681
899999999999682
899999999999683
899999999999684
899999999999685
899999999999686
899999999999687
899999999999688
899999999999689
899999999999690
899999999999691
899999999999692
899999999999693
899999999999694
899999999999695
899999999999696
899999999999697
899999999999698
899999999999699
899999999999700
899999999999701
899999999999702
899999999999703
899999999999704
899999999999705
899999999999706
899999999999707
899999999999708
899999999999709
899999999999710
899999999999711
899999999999712
899999999999713
899999999999714
899999999999715
899999999999716
899999999999717
899999999999718
899999999999719
899999999999720
899999999999721
899999999999722
899999999999723
899999999999724
899999999999725
899999999999726
899999999999727
899999999999728
899999999999729
899999999999730
899999999999731
899999999999732
899999999999733
899999999999734
899999999999735
899999999999736
899999999999737
899999999999738
899999999999739
899999999999740
899999999999741
899999999999742
899999999999743
899999999999744
899999999999745
899999999999746
899999999999747
899999999999748
899999999999749
899999999999750
899999999999751
899999999999752
899999999999753
899999999999754
899999999999755
899999999999756
899999999999757
899999999999758
899999999999759
899999999999760
899999999999761
899999999999762
899999999999763
899999999999764
899999999999765
899999999999766
899999999999767
899999999999768
899999999999769
899999999999770
899999999999771
899999999999772
899999999999773
899999999999774
899999999999775
899999999999776
899999999999777
899999999999778
899999999999779
899999999999780
899999999999781
899999999999782
899999999999783
899999999999784
899999999999785
899999999999786
899999999999787
899999999999788
899999999999789
899999999999790
899999999999791
899999999999792
899999999999793
899999999999794
899999999999795
899999999999796
899999999999797
899999999999798
899999999999799
899999999999800
899999999999801
899999999999802
899999999999803
899999999999804
899999999999805
899999999999806
899999999999807
899999999999808
899999999999809
899999999999810
899999999999811
899999999999812
899999999999813
899999999999814
899999999999815
899999999999816
899999999999817
899999999999818
899999999999819
899999999999820
899999999999821
899999999999822
899999999999823
899999999999824
899999999999825
899999999999826
899999999999827
899999999999828
899999999999829
899999999999830
899999999999831
899999999999832
899999999999833
899999999999834
899999999999835
899999999999836
899999999999837
899999999999838
899999999999839
899999999999840
899999999999841
899999999999842
899999999999843
899999999999844
899999999999845
899999999999846
899999999999847
899999999999848
899999999999849
899999999999850
899999999999851
899999999999852
899999999999853
899999999999854
899999999999855
899999999999856
899999999999857
899999999999858
899999999999859
899999999999860
899999999999861
899999999999862
899999999999863
899999999999864
899999999999865
899999999999866
899999999999867
899999999999868
899999999999869
899999999999870
899999999999871
899999999999872
899999999999873
899999999999874
899999999999875
899999999999876
899999999999877
899999999999878
899999999999879
899999999999880
899999999999881
899999999999882
899999999999883
899999999999884
899999999999885
899999999999886
899999999999887
899999999999888
899999999999889
899999999999890
899999999999891
899999999999892
899999999999893
899999999999894
899999999999895
899999999999896
899999999999897
899999999999898
899999999999899
899999999999900
899999999999901
899999999999902
899999999999903
899999999999904
899999999999905
899999999999906
899999999999907
899999999999908
899999999999909
899999999999910
899999999999911
899999999999912
899999999999913
899999999999914
899999999999915
899999999999916
899999999999917
899999999999918
899999999999919
899999999999920
899999999999921
899999999999922
899999999999923
899999999999924
899999999999925
899999999999926
899999999999927
899999999999928
899999999999929
899999999999930
899999999999931
899999999999932
899999999999933
899999999999934
899999999999935
899999999999936
899999999999937
899999999999938
899999999999939
899999999999940
899999999999941
899999999999942
899999999999943
899999999999944
899999999999945
899999999999946
899999999999947
899999999999948
899999999999949
899999999999950
899999999999951
899999999999952
899999999999953
899999999999954
899999999999955
899999999999956
899999999999957
899999999999958
899999999999959
899999999999960
899999999999961
899999999999962
899999999999963
899999999999964
899999999999965
899999999999966
899999999999967
899999999999968
899999999999969
899999999999970
899999999999971
899999999999972
899999999999973
899999999999974
899999999999975
899999999999976
899999999999977
899999999999978
899999999999979
899999999999980
899999999999981
899999999999982
899999999999983
899999999999984
899999999999985
899999999999986
899999999999987
899999999999988
899999999999989
899999999999990
899999999999991
899999999999992
899999999999993
899999999999994
899999999999995
899999999999996
899999999999997
899999999999998
899999999999999
